,attr_conc.mean,attr_conc.sd,attr_ent.mean,attr_ent.sd,attr_to_inst,best_node.mean,best_node.mean.relative,best_node.sd,best_node.sd.relative,c1,c2,can_cor.mean,can_cor.sd,cat_to_num,ch,class_conc.mean,class_conc.sd,class_ent,cls_coef,cohesiveness.mean,cohesiveness.sd,conceptvar.mean,conceptvar.sd,cor.mean,cor.sd,cov.mean,cov.sd,density,eigenvalues.mean,eigenvalues.sd,elite_nn.mean,elite_nn.mean.relative,elite_nn.sd,elite_nn.sd.relative,eq_num_attr,f1.mean,f1.sd,f1v.mean,f1v.sd,f2.mean,f2.sd,f3.mean,f3.sd,f4.mean,f4.sd,freq_class.mean,freq_class.sd,g_mean.mean,g_mean.sd,gravity,h_mean.mean,h_mean.sd,hubs.mean,hubs.sd,impconceptvar.mean,impconceptvar.sd,inst_to_attr,int,iq_range.mean,iq_range.sd,joint_ent.mean,joint_ent.sd,kurtosis.mean,kurtosis.sd,l1.mean,l1.sd,l2.mean,l2.sd,l3.mean,l3.sd,leaves,leaves_branch.mean,leaves_branch.sd,leaves_corrob.mean,leaves_corrob.sd,leaves_homo.mean,leaves_homo.sd,leaves_per_class.mean,leaves_per_class.sd,lh_trace,linear_discr.mean,linear_discr.mean.relative,linear_discr.sd,linear_discr.sd.relative,lsc,mad.mean,mad.sd,max.mean,max.sd,mean.mean,mean.sd,median.mean,median.sd,min.mean,min.sd,mut_inf.mean,mut_inf.sd,n1,n2.mean,n2.sd,n3.mean,n3.sd,n4.mean,n4.sd,naive_bayes.mean,naive_bayes.mean.relative,naive_bayes.sd,naive_bayes.sd.relative,nodes,nodes_per_attr,nodes_per_inst,nodes_per_level.mean,nodes_per_level.sd,nodes_repeated.mean,nodes_repeated.sd,nr_attr,nr_bin,nr_cat,nr_class,nr_cor_attr,nr_disc,nr_inst,nr_norm,nr_num,nr_outliers,nre,ns_ratio,num_to_cat,one_itemset.mean,one_itemset.sd,one_nn.mean,one_nn.mean.relative,one_nn.sd,one_nn.sd.relative,p_trace,pb,random_node.mean,random_node.mean.relative,random_node.sd,random_node.sd.relative,range.mean,range.sd,roy_root,sc,sd.mean,sd.sd,sd_ratio,sil,skewness.mean,skewness.sd,sparsity.mean,sparsity.sd,t1,t2,t3,t4,t_mean.mean,t_mean.sd,tree_depth.mean,tree_depth.sd,tree_imbalance.mean,tree_imbalance.sd,tree_shape.mean,tree_shape.sd,two_itemset.mean,two_itemset.sd,var.mean,var.sd,var_importance.mean,var_importance.sd,vdb,vdu,w_lambda,wg_dist.mean,wg_dist.sd,worst_node.mean,worst_node.mean.relative,worst_node.sd,worst_node.sd.relative,dataset_id,query_number,estimator,best_strategy,best_score
0,0.5,0.0,0.0,0.0,20.0,,,,,0.9709505944546688,0.07692307692307687,1.0,,0.0,0.7165704242103138,0.500000005551115,0.0,0.9709505944546688,1.0,0.2375,0.2682885755406387,0.6667923622120286,0.23934606801284414,,,0.10763177486385854,0.22762841456336705,0.9,0.4268832187301888,2.6185774218351003,,,,,117477890.62632747,,,0.22454688906349768,,,,0.0,,0.0,,0.5,0.14142135623730948,,,5.237839303587025,,,0.5999999999999999,0.5477225575051661,0.21875,0.271083618326523,0.05,8.11336476998649,0.38175058399999995,0.5702409575537057,0.9709505861897043,0.0,,,0.0,,0.0,,0.0,,2.0,1.0,0.0,0.5,0.14142135623730948,4.0,0.0,0.5,0.0,inf,,,,,0.64,0.20898901285080002,0.35067525114705267,1.0638364999999999,1.1336189345517356,0.3816683262,0.48643067532420725,0.23664138700000004,0.4870196322190709,0.03166659399999999,0.1930725164995826,8.264964490578564e-09,0.0,0.8,0.6838564224398056,0.264334984126294,0.6,0.5477225575051662,0.2,0.447213595499958,,,,,1.0,0.01,0.2,1.0,,1.0,,100.0,21.0,0.0,2.0,0.34484848484848485,1.0,5.0,50.0,100.0,44.0,0.6730116670092565,-1.0,,1.0,0.0,,,,,1.0,0.22238598860830044,,,,,1.032169906,1.0553966864149207,inf,2.0,0.4601787993676369,0.4661454788120533,,-0.15005794031968858,,,0.3041666666666667,0.32635530667554064,0.6,20.0,0.6,0.03,0.27094617899999995,0.4762238488765397,0.6666666666666666,0.5773502691896258,0.5,,0.5,0.0,0.0,0.0,0.426883218730189,0.7197673707278162,0.01,0.1,1.9385962802812522,0.00450819453089727,0.0,4.509265875855149,2.230126772178482,,,,,44751.0,0.0,GaussianNB,margin_sampling,0.5482133115111838
0,0.5,0.0,0.0,0.0,16.666666666666668,,,,,1.0,0.0,0.9999999999999998,,0.0,0.6981671823641169,0.500000005551115,0.0,1.0,1.0,0.23697916666666666,0.2589542269720011,0.6476323505267749,0.1447004046181793,,,0.15077518036394189,0.30750140535762543,0.8,0.632067290215756,3.5918327311089104,,,,,112944563.19874036,,,0.15868898565344478,,,,0.3333333333333333,,0.0,,0.5,0.0,,,5.595469238932465,,,0.6666666666666666,0.408248290463863,0.20572916666666666,0.2554898532313302,0.06,10.14929239092219,0.44110418200000007,0.5593464899033227,0.999999991146099,2.2316322462394835e-16,,,0.0,,0.0,,0.0,,3.0,1.6666666666666667,0.5773502691896257,0.3333333333333333,0.16666666666666669,6.0,0.0,0.5,0.23570226039551584,2251799813685247.0,,,,,0.7222222222222222,0.2301195462195,0.34503863770457827,1.4324877200000001,1.3803316917973751,0.41720208999999997,0.4541289511363521,0.22491865849999995,0.4288593115595775,-0.0021060999999999996,0.1413672267306148,8.853901167782396e-09,0.0,0.5,0.6519651037310971,0.24857144835793976,0.5,0.5477225575051661,0.16666666666666666,0.408248290463863,,,,,2.0,0.02,0.3333333333333333,1.0,0.0,1.0,0.0,100.0,21.0,0.0,2.0,0.30808080808080807,1.0,6.0,35.0,100.0,53.0,0.6931471805599453,-1.0,,1.0,0.0,,,,,0.9999999999999996,0.14759264627092883,,,,,1.4345938200000004,1.3559063727420908,2251799813685247.0,2.0,0.5867195191716563,0.5391983350155786,,-0.09776850615658512,,,0.215,0.2398547540289811,0.6666666666666666,16.666666666666668,0.6666666666666666,0.04,0.26820773,0.4165006610653236,1.2,0.8366600265340756,0.35355339059327373,0.0,0.5,0.0,0.0,0.0,0.632067290215756,1.0835800302373515,0.01,0.07035264706814484,2.336490541424918,0.0022362829978516186,4.440892098500646e-16,4.7673007631755935,1.7026659446816093,,,,,44751.0,1.0,GaussianNB,margin_sampling,0.5313458471353208
0,0.5,0.0,0.0,0.0,14.285714285714286,,,,,0.9852281360342515,0.039999999999999813,1.0,,0.0,0.7475357187052131,0.5,0.0,0.9852281360342515,1.0,0.23660714285714285,0.2503543340881603,0.5991830702983981,0.09550975555832442,,,0.16754878412716556,0.28305683223275907,0.8571428571428572,0.6907733031167804,3.4378189795852654,,,,,115144796.4483666,,,0.12513274565837887,,,,0.2857142857142857,,0.0,,0.5,0.10101525445522107,,,5.607598740393715,,,0.7142857142857143,0.39339789623472154,0.19419642857142858,0.24665851908499406,0.07,10.704139062645385,0.47236674749999996,0.5546437009815371,0.9852281274778236,1.1158161231197418e-16,,,0.0,,0.0,,0.1428571428571429,,3.0,1.6666666666666667,0.5773502691896257,0.3333333333333333,0.1649572197684645,6.0,0.0,0.5,0.23570226039551584,inf,,,,,0.7755102040816326,0.2205380873052,0.3717366394817144,1.7200185899999996,1.368251831620248,0.4349956595714286,0.3977545368710469,0.19386582100000002,0.37401599829200094,-0.003482999,0.1410168615561256,8.556427788519727e-09,0.0,0.5714285714285714,0.6324056480183516,0.2312272111880047,0.5714285714285714,0.5345224838248488,0.14285714285714285,0.37796447300922725,,,,,2.0,0.02,0.2857142857142857,1.0,0.0,1.0,0.0,100.0,14.0,0.0,2.0,0.25717171717171716,1.0,7.0,22.0,100.0,62.0,0.6829081047004717,-1.0,,1.0,0.0,,,,,1.0,0.17327345041329328,,,,,1.723501589,1.3454777162107308,inf,2.0,0.6629192376016212,0.503835177809619,,-0.07525992332709244,,,0.16388888888888892,0.17501091124482773,0.7142857142857143,14.285714285714286,0.7142857142857143,0.05,0.2656868052,0.3647104573656138,1.2,0.8366600265340756,0.35355339059327373,0.0,0.5,0.0,0.0,0.0,0.6907733031167804,1.0004206176821664,0.01,0.07091127619010315,2.4203395505742997,0.0015454312871313821,0.0,4.794325342751455,1.2795877032184257,,,,,44751.0,2.0,GaussianNB,density_weighted_sampling,0.5443454743216627
0,0.19234003045454134,0.19514358424236158,0.9101723703070843,0.18060712072078935,12.5,,,,,1.0,0.0,1.0,,0.0,1.047459830262653,0.1536666231102546,0.15996147265544597,1.0,1.0,0.271484375,0.23197243272080997,0.5670919133860652,0.11995864506724717,,,0.14968321073829066,0.2475484996937011,0.8928571428571429,0.6350476167025587,3.023182015995655,,,,,8.326593208856021,,,0.10068448773115202,,,,0.25,,0.0,,0.5,0.0,,,5.74763990433812,,,0.75,0.3779644730092271,0.1953125,0.2320194125768359,0.08,10.744493024959668,0.4782972035000001,0.5505121950788926,1.790075233949274,0.22994353250160726,,,0.0,,0.0,,0.0,,4.0,2.25,0.9574271077563381,0.25,0.14433756729740643,9.333333333333332,1.5396007178390017,0.5,0.0,inf,,,,,0.734375,0.2206352494962,0.35738945155360435,1.75298219,1.3552942108616808,0.42188733212499996,0.37709032586309216,0.18833960149999998,0.3415520577062169,-0.007106650000000001,0.13143029169017753,0.12009713635781046,0.13599475685424128,0.5,0.6007991763690227,0.22927742762250003,0.5,0.5345224838248488,0.125,0.3535533905932738,,,,,3.0,0.03,0.375,1.0,0.0,1.0,0.0,100.0,7.0,0.0,2.0,0.22282828282828282,1.0,8.0,19.0,100.0,67.0,0.6931471805599453,6.578635077487355,,0.5050505050505051,0.15923276540468623,,,,,1.0,0.007231688195944199,,,,,1.7600888399999999,1.3331290364260153,inf,2.0,0.6443740375552758,0.47122204809771473,,0.0024311131345462374,,,0.14356462585034013,0.16549412942347058,0.625,12.5,0.625,0.05,0.2715371861666666,0.34114082379963734,1.7142857142857142,1.1126972805283737,0.2580005327400437,0.08275120230510061,0.4375,0.07216878364870322,0.4999742334449884,0.20333363584594866,0.635047616702559,0.8788260118655035,0.01,0.06628679652796168,2.2924515848130436,0.0011590734653485367,0.0,4.674898682586654,1.0307155000643835,,,,,44751.0,3.0,GaussianNB,expected_error_reduction,0.5452689784518127
0,0.17001619610746355,0.19544103257749634,0.9176032431477421,0.14802842875395547,11.11111111111111,,,,,0.9910760598382222,0.024390243902438935,1.0,,0.0,1.279585861670435,0.1573517424569758,0.16679237096496838,0.9910760598382222,1.0,0.3055555555555556,0.2236287849133923,0.5388931401906927,0.15577281811233476,,,0.14035256924135192,0.22127202711097335,0.8888888888888888,0.6123134172684317,2.7404479126205747,,,,,7.78487619561601,,,0.0851303070999255,,,,0.2222222222222222,,0.0,,0.5,0.07856742013183865,,,5.836715805541746,,,0.8888888888888888,0.33333333333333337,0.1996527777777778,0.22460465725721704,0.09,10.934155024549396,0.48303825400000006,0.5925471591143522,1.7813714261572562,0.21563455919364374,,,0.0,,0.0,,0.0,,4.0,2.25,0.9574271077563381,0.25,0.16666666666666666,9.333333333333332,1.5396007178390019,0.5,0.0,inf,,,,,0.7407407407407407,0.19907372801399997,0.3268564457955999,1.8407111099999998,1.3237483884823178,0.4210103196666666,0.36185962399906585,0.17522217999999998,0.337093016887091,-0.007278400000000001,0.13140946078297683,0.12730787682870778,0.1468763602322495,0.4444444444444444,0.5841613694960043,0.2194926644234382,0.4444444444444444,0.5270462766947299,0.3333333333333333,0.5,,,,,3.0,0.03,0.3333333333333333,1.0,0.0,1.0,0.0,100.0,4.0,0.0,2.0,0.1901010101010101,1.0,9.0,15.0,100.0,72.0,0.6869615765973234,6.207749166867132,,0.5025125628140703,0.15825149817860154,,,,,1.0,-0.11325868658195504,,,,,1.84798951,1.3005596218765936,inf,2.0,0.648251606644827,0.4404809948442982,,0.0390320113668091,,,0.12130803571428572,0.13471725234107146,0.6666666666666666,11.11111111111111,0.6666666666666666,0.06,0.27938002385714283,0.3317070358307984,1.7142857142857142,1.1126972805283737,0.2580005327400437,0.08275120230510061,0.4375,0.07216878364870322,0.5,0.19068367472372255,0.6123134172684318,0.8031366706327494,0.009999999999999998,0.06878821252088312,2.286341553199328,0.0009272587722788294,0.0,4.631384202916795,0.8596155662910674,,,,,44751.0,4.0,GaussianNB,density_weighted_sampling,0.5452689784518127
0,0.15823998854830967,0.15461801926730925,0.9220189376300901,0.15864799124387086,10.0,,,,,0.9709505944546688,0.07692307692307687,0.9999999999999999,,0.0,1.6145974241571173,0.1832654999827309,0.1988580849532451,0.9709505944546688,0.55,0.43125,0.2811487086119491,0.49176266884764636,0.21184523516093615,,,0.12956706060674886,0.2014010774373803,0.7555555555555555,0.5682850917499741,2.502529507322082,,,,,6.45961610067111,,,0.0409649440673163,,,,0.2,,0.0,,0.5,0.14142135623730948,,,5.982260777513417,,,0.5710919414833853,0.42434274680146006,0.1984375,0.2189111509583029,0.1,10.923345976478767,0.4825366069999999,0.5467309024907019,1.7426586499328311,0.23875861995908254,,,0.0,,0.0,,0.0,,4.0,2.25,0.9574271077563381,0.25,0.1914854215512676,9.333333333333332,1.5396007178390019,0.5,0.0,4503599627370495.0,,,,,0.71,0.1990364865846,0.2946789009156801,1.8407111099999998,1.3237483884823178,0.4115370247,0.3598462996488958,0.178333811,0.3261503473176486,-0.007278400000000001,0.13140946078297683,0.15031088215192753,0.1784391956125023,0.4,0.48537333409172223,0.31421153892460985,0.4,0.5163977794943223,0.3,0.48304589153964794,,,,,3.0,0.03,0.3,1.0,0.0,1.0,0.0,100.0,4.0,0.0,2.0,0.19353535353535353,1.0,10.0,13.0,100.0,67.0,0.6730116670092565,5.134079744792892,,0.5025125628140703,0.15256632468286438,,,,,0.9999999999999998,-0.2562318545902178,,,,,1.84798951,1.3005596218765936,4503599627370495.0,2.0,0.6273844397993582,0.42004551995703926,,0.10455923825014332,,,0.13153880070546733,0.1335769003545272,0.6,10.0,0.6,0.06,0.2351712883333333,0.3239603943435509,1.7142857142857142,1.1126972805283737,0.2580005327400437,0.08275120230510061,0.4375,0.07216878364870322,0.5,0.1962351634532967,0.5682850917499741,0.7269605619285912,0.01,0.07060147237299352,2.16317689942828,0.0007727156435656911,2.2204460492503185e-16,4.370976150684088,0.9567203585190099,,,,,44751.0,5.0,GaussianNB,density_weighted_sampling,0.5452689784518127
0,0.19023711152930392,0.2452517386185314,0.9137657621359329,0.16536590749248242,9.090909090909092,,,,,0.9456603046006401,0.1384615384615384,1.0,,0.0,1.8891137041526234,0.19381770027352982,0.20526502575134747,0.9456603046006401,0.5714285714285714,0.5,0.29375415555571294,0.46059369382551674,0.24188485626054562,,,0.11836120015390107,0.18395897860386803,0.7636363636363637,0.5274399014462832,2.286662258689227,,,,,5.908425879863726,,,0.03628768791974141,,,,0.18181818181818182,,0.0,,0.5,0.1928473039599675,,,5.995654526899073,,,0.5842483368572335,0.3844614089527678,0.203125,0.2131252291054487,0.11,10.861393531267941,0.4596011864999999,0.5101531112752549,1.6993732330666937,0.2450950755451273,,,0.0,,0.0,,0.09090909090909094,,4.0,2.25,0.9574271077563381,0.25,0.21480980119330037,9.333333333333332,1.5396007178390019,0.5,0.0,inf,,,,,0.6694214876033058,0.19792985467079993,0.3187113819551958,1.8471610299999996,1.3176597173023012,0.404004127,0.36517805410437104,0.18242107200000002,0.34593541923398563,-0.007278400000000001,0.13140946078297683,0.16005283366987946,0.18310944278820757,0.5454545454545454,0.4744267218346307,0.3017438933659996,0.45454545454545453,0.5222329678670934,0.18181818181818182,0.40451991747794525,,,,,3.0,0.03,0.2727272727272727,1.0,0.0,1.0,0.0,100.0,4.0,0.0,2.0,0.1812121212121212,1.0,11.0,11.0,100.0,66.0,0.6554817739013927,4.709150792173045,,0.5025125628140703,0.16081617187510044,,,,,1.0,-0.3503328941001602,,,,,1.85443943,1.294516333412687,inf,2.0,0.6069211807799963,0.40086595881449055,,0.1463678151911136,,,0.12623333333333334,0.1356200048454715,0.45454545454545453,9.090909090909092,0.5454545454545454,0.06,0.24378091871428573,0.3387077234650858,1.7142857142857142,1.1126972805283737,0.2580005327400437,0.08275120230510061,0.4375,0.07216878364870322,0.5,0.1906439786564029,0.5274399014462834,0.6666933244689845,0.009999999999999998,0.07196229171289244,2.110160524016915,0.0006623276944848781,0.0,4.240429375019681,0.8850435649632105,,,,,44751.0,6.0,GaussianNB,training_utility_sampling,0.5381955040179025
0,0.1795670562251031,0.2508812357607562,0.9180338011774575,0.1686892027797854,8.333333333333334,,,,,0.9798687566511527,0.05405405405405406,1.0,,0.0,1.6194803200097656,0.1659879577180015,0.18496342802553595,0.9798687566511527,0.5,0.5611979166666666,0.33284006323477466,0.49171612064594195,0.19303810095559434,,,0.15636064063290614,0.2763410712887378,0.8333333333333334,0.7374379399102143,3.3153963230396966,,,,,7.381191815310641,,,0.03235572414435126,,,,0.16666666666666666,,0.0,,0.5,0.11785113019775793,,,6.226015065670571,,,0.6247785184434763,0.3843235528182832,0.23828125,0.22705178358466438,0.12,12.35453777252293,0.47200423275,0.49309641578679336,1.7651504520482633,0.23252027455762778,,,0.0,,0.0,,0.0,,4.0,2.25,0.9574271077563381,0.25,0.2041241452319315,9.333333333333332,1.5396007178390019,0.5,0.0,inf,,,,,0.7152777777777778,0.17807827581389998,0.27596516919929037,2.28167806,1.7159362864427945,0.4366355939166667,0.38366584340363097,0.16407527100000002,0.329759790921957,-0.015498500000000002,0.09606097039422831,0.1327521057803474,0.16074246788178842,0.6666666666666666,0.4794133305844442,0.28437877534520195,0.5,0.5222329678670935,0.5,0.5222329678670935,,,,,3.0,0.03,0.25,1.0,0.0,1.0,0.0,100.0,3.0,0.0,2.0,0.15333333333333332,1.0,12.0,8.0,100.0,77.0,0.6791932659915256,5.91539916283093,,0.5025125628140703,0.15599449878666902,,,,,1.0,-0.2590040230761563,,,,,2.2971765599999996,1.6970670169177788,inf,2.0,0.7099705277784193,0.48552771415062457,,0.14567129208154908,,,0.12088469106650923,0.1325977716043391,0.5,8.333333333333334,0.5833333333333334,0.07,0.24258206137500005,0.331291309449914,1.7142857142857142,1.1126972805283737,0.2580005327400437,0.08275120230510061,0.4375,0.07216878364870322,0.5,0.18045564529748576,0.7374379399102143,0.9550349374309731,0.01,0.07403609965937308,2.3403365478666074,0.0004006246825919104,0.0,4.093092547046537,0.8226577735495756,,,,,44751.0,7.0,GaussianNB,expected_error_reduction,0.5375587138881821
0,0.1181876046599406,0.12923310037123237,0.9129246346092609,0.16468213999904147,7.6923076923076925,,,,,0.961236604722876,0.101123595505618,0.9999999999999999,,0.0,1.6359623100877299,0.14701820833056706,0.17720508450656508,0.961236604722876,0.6,0.6274038461538461,0.33009368206966294,0.4740956610816695,0.20872381684923383,,,0.15035317713765756,0.2611888254891013,0.8333333333333334,0.7384704468325336,3.1481291280007073,,,,,8.201989703464834,,,0.029316808440461934,,,,0.15384615384615385,,0.0,,0.5,0.16317848796612636,,,6.106345165857655,,,0.6075564191176064,0.3772481927154205,0.2620192307692308,0.23360584261427547,0.13,12.52921228208578,0.44338558600000005,0.49366455926196195,1.7569657002647303,0.23000566063538727,,,0.0,,0.0,,0.0,,4.0,2.25,0.9574271077563381,0.25,0.22094471717453953,9.333333333333332,1.5396007178390019,0.5,0.0,4503599627370495.0,,,,,0.7218934911242604,0.19678410880379993,0.3124774811045052,2.36256174,1.7377814476995546,0.4362551904615385,0.3826606868087168,0.16589241199999996,0.3270385467406576,-0.015617200000000003,0.09650403862465387,0.11719553906740615,0.15306284168859893,0.6153846153846154,0.4771171562107472,0.27243042492593955,0.46153846153846156,0.5188745216627709,0.5384615384615384,0.5188745216627708,,,,,3.0,0.03,0.23076923076923078,1.0,0.0,1.5,0.7071067811865476,100.0,2.0,0.0,2.0,0.1383838383838384,1.0,13.0,7.0,100.0,82.0,0.666278442414676,6.789755837755766,,0.5025125628140703,0.16175640092115035,,,,,0.9999999999999998,-0.2811758933364983,,,,,2.37817894,1.7163178410866975,4503599627370495.0,2.0,0.71722185715354,0.4757378686317323,,0.13758370049412053,,,0.11533991702741701,0.12936287881716985,0.46153846153846156,7.6923076923076925,0.6153846153846154,0.08,0.24667954199999997,0.32994962692916224,1.7142857142857142,1.1126972805283737,0.2580005327400437,0.08275120230510061,0.4375,0.07216878364870322,0.5,0.1716674860382523,0.7384704468325337,0.9107838035336294,0.01,0.08515063894728749,2.4823854373723924,0.0003505465972679216,2.2204460492503185e-16,4.052048692035975,0.7538201030764975,,,,,44751.0,8.0,GaussianNB,expected_error_reduction,0.5354068857589984
0,0.15507866867959963,0.17343714095150198,0.9236256268819983,0.15822826779744117,7.142857142857143,,,,,0.9852281360342515,0.039999999999999813,0.9999999999999999,,0.0,1.6243223518730272,0.14110409010107555,0.16854269193137955,0.9852281360342515,0.6,0.7098214285714286,0.34225605684604354,0.4993983426905778,0.1531377533419104,,,0.14139982134564813,0.24307903353508864,0.8571428571428572,0.7129510069175207,2.942481832788052,,,,,8.903961912535353,,,0.026755892861034282,,,,0.14285714285714285,,0.0,,0.5,0.10101525445522107,,,5.677061169310213,,,0.6355881034663488,0.3773190342072733,0.3169642857142857,0.22066712895093948,0.14,11.933463049760757,0.461010232,0.47883890751311303,1.7982032293995678,0.21744914095971218,,,0.0,,0.0,,0.0,,4.0,2.25,0.9574271077563381,0.25,0.21428571428571427,9.333333333333332,1.5396007178390017,0.5,0.0,4503599627370495.0,,,,,0.7653061224489796,0.187205492775,0.29294591989816676,2.39314526,1.7095064801071613,0.43063244957142865,0.3739993726630231,0.15944977399999996,0.32835230978400193,-0.015617200000000003,0.09650403862465387,0.11065053351668183,0.14392539148352637,0.6428571428571429,0.48286750580654136,0.26078763002722677,0.5,0.5188745216627708,0.07142857142857142,0.26726124191242434,,,,,3.0,0.03,0.21428571428571427,1.0,0.0,1.0,0.0,100.0,1.0,0.0,2.0,0.12444444444444444,1.0,14.0,5.0,100.0,81.0,0.6829081047004717,7.34723157247815,,0.5025125628140703,0.15082007742536263,,,,,0.9999999999999998,-0.19405743266983852,,,,,2.40876246,1.6873974250974078,4503599627370495.0,2.0,0.7099827894738349,0.45933136029887295,,0.10540650595326466,,,0.10621920387305003,0.12375578675530768,0.5,7.142857142857143,0.5714285714285714,0.08,0.24873588159999996,0.3241988141488641,1.7142857142857142,1.1126972805283737,0.2580005327400437,0.08275120230510061,0.4375,0.07216878364870322,0.5,0.16281890825967574,0.7129510069175206,0.8667528017705246,0.01,0.07684551310518753,2.560381227675981,0.0002921221643899347,2.2204460492503185e-16,3.980377778829078,0.6839953925489064,,,,,44751.0,9.0,GaussianNB,expected_error_reduction,0.5287541234014204
0,0.10990763393037106,0.12337666223556602,0.9189558126486537,0.1597468874092475,6.666666666666667,,,,,0.9709505944546688,0.07692307692307687,1.0,,0.0,1.8588429303773715,0.14609686766609678,0.17542489573854006,0.9709505944546688,0.6571428571428571,0.7895833333333333,0.3583967015536329,0.4805184855698668,0.18081871824640727,,,0.13445584527429896,0.228140600381086,0.8571428571428572,0.6845228656443895,2.769912048662685,,,,,8.434349539140777,,,0.024645834322631188,,,,0.13333333333333333,,0.0,,0.5,0.14142135623730948,,,5.7707943567412485,,,0.588684398387691,0.4051454554430399,0.3229166666666667,0.2216537713309613,0.15,11.953889754094781,0.4687024929999999,0.4915588082367,1.7747877971916948,0.22049381622520714,,,0.0,,0.0,,0.06666666666666665,,4.0,2.25,0.9574271077563381,0.25,0.2268953095184682,9.333333333333332,1.5396007178390019,0.5,0.0,inf,,,,,0.7333333333333334,0.17809169556780002,0.2949854996807736,2.40222456,1.705375791849891,0.4259480118666667,0.3719929565114259,0.15324534599999998,0.32416957117048145,-0.017425899999999998,0.0944574863067181,0.11511860991162827,0.1509549371551338,0.6,0.47305868719871014,0.25362772578170123,0.4666666666666667,0.5163977794943222,0.0,0.0,,,,,3.0,0.03,0.2,1.0,0.0,1.0,0.0,100.0,1.0,0.0,2.0,0.11737373737373738,1.0,15.0,7.0,100.0,81.0,0.6730116670092565,6.9826868423280795,,0.5025125628140703,0.1558055233064012,,,,,1.0,-0.2545270810869064,,,,,2.41965046,1.6856649327080893,inf,2.0,0.698920000148172,0.4449874575888434,,0.13002032334359107,,,0.10198474144902718,0.12254495462059967,0.4666666666666667,6.666666666666667,0.6,0.09,0.2191293738888889,0.3293619649268548,1.7142857142857142,1.1126972805283737,0.2580005327400437,0.08275120230510061,0.4375,0.07216878364870322,0.5,0.15897547089699426,0.6845228656443898,0.8129043287528733,0.01,0.07782594471404945,2.5034808761051743,0.0002596641461243864,0.0,3.914975911420649,0.6716110734950247,,,,,44751.0,10.0,GaussianNB,expected_error_reduction,0.5287541234014204
0,0.1165883813523412,0.1547206652469701,0.9192304547366517,0.16407904291767958,6.25,0.9,7.0,0.21081851067789198,1.0,0.954434002924965,0.11764705882352944,0.9999999999999999,,0.0,1.9410422275123727,0.14807150600861474,0.1684675907277017,0.954434002924965,0.7333333333333334,0.8515625,0.35753605587408943,0.4641582512190502,0.2006633084298517,,,0.13311672245420297,0.21831186416973244,0.8583333333333334,0.7005886811624369,2.680971547303379,0.8,4.0,0.25819888974716115,3.0,8.311029587228122,,,0.022843954931039023,,,,0.125,,0.0,,0.5,0.1767766952966369,,,5.841450348477116,,,0.6055981661810619,0.3757496558747055,0.3359375,0.22628395233275675,0.16,12.228110801977529,0.47385888224999995,0.4994087005241653,1.758825015338889,0.21957403982492335,,,0.0,,0.0,,0.0,,4.0,2.25,0.9574271077563381,0.25,0.23935677693908453,9.333333333333332,1.5396007178390019,0.5,0.0,4503599627370495.0,0.65,2.0,0.4116363011742823,7.0,0.703125,0.1886120939577,0.31870274469660953,2.4833775599999997,1.7328799184265091,0.434588996375,0.38351977484454847,0.16418208799999998,0.3404119743640466,-0.017425899999999998,0.0944574863067181,0.11483944232272744,0.14136620917879789,0.5625,0.4673354119215798,0.24609110538155235,0.4375,0.51234753829798,0.1875,0.4031128874149275,0.85,5.5,0.3374742788552764,4.0,3.0,0.03,0.1875,1.0,0.0,1.0,0.0,100.0,1.0,0.0,2.0,0.11050505050505051,1.0,16.0,5.0,100.0,83.0,0.6615632381579821,7.004483791843791,,0.5025125628140703,0.1551208183182452,0.6,1.0,0.39440531887330776,6.0,0.9999999999999998,-0.27412535810542055,0.85,5.5,0.24152294576982394,2.0,2.5008034599999998,1.7126516249732824,4503599627370495.0,2.0,0.7082335838239825,0.4483345971664901,,0.12820519365866456,,,0.09928794168794171,0.12226026928965689,0.4375,6.25,0.625,0.1,0.23114584880000003,0.34571827623596707,1.7142857142857142,1.1126972805283737,0.2580005327400437,0.08275120230510061,0.4375,0.07216878364870322,0.5,0.1577742158225141,0.7005886811624368,0.8065718094048996,0.01,0.0786213347416105,2.5459677677632877,0.00023369773151194775,2.2204460492503185e-16,3.8328851218650852,0.6484686865181684,0.75,3.0,0.3535533905932738,5.0,44751.0,11.0,GaussianNB,expected_error_reduction,0.5287541234014204
0,0.10760895751943894,0.15182805023189622,0.9216687368210137,0.1592419658526274,5.882352941176471,0.5,1.0,0.408248290463863,7.0,0.9774178175281716,0.06040268456375841,0.9999999999999997,,0.0,1.861949440985657,0.146410091729229,0.1598037713448398,0.9774178175281716,0.4193548387096774,0.9154411764705882,0.36979867864796295,0.487368213324019,0.161353251983528,,,0.12733392880045427,0.20523145756221714,0.8235294117647058,0.6891708323789605,2.533719984422337,0.6,3.0,0.31622776601683794,2.0,8.64094509723642,,,0.021235989512469626,,,,0.35294117647058826,,0.0,,0.5,0.12478354962115547,,,5.437871327372798,,,0.6143018722697403,0.3797944385058028,0.3897058823529412,0.21491267276817413,0.17,11.85622382194255,0.486174182,0.5128945936636536,1.785971865327405,0.2091046330746523,,,0.0,,0.0,,0.0,,4.0,2.25,0.9574271077563381,0.25,0.19435517256469617,9.333333333333332,1.5396007178390019,0.5,0.0,1501199875790164.2,0.8,5.0,0.34960294939005054,4.0,0.740484429065744,0.1807574044374,0.3179378667495886,2.53094826,1.7133876724346544,0.43197613435294124,0.37115760694388905,0.15084572899999998,0.3217413953810672,-0.017425899999999998,0.0944574863067181,0.11311468902177993,0.13222141615506688,0.6470588235294118,0.4741242389907568,0.23724503543906053,0.47058823529411764,0.5144957554275266,0.17647058823529413,0.3929526239966879,0.85,6.0,0.3374742788552764,3.0,3.0,0.03,0.17647058823529413,1.0,0.0,1.0,0.0,100.0,1.0,0.0,2.0,0.09757575757575758,1.0,17.0,5.0,100.0,84.0,0.6774944044487072,7.148090621931064,,0.5025125628140703,0.15287871425911487,0.55,2.0,0.3689323936863109,6.0,0.9999999999999993,-0.20930148963481893,0.75,4.0,0.3535533905932738,5.0,2.5483741600000003,1.6924318070912627,1501199875790164.2,2.0,0.7095913685439688,0.4330429354070071,,0.10293079525480328,,,0.0921045412920413,0.11996743082447557,0.47058823529411764,5.882352941176471,0.6470588235294118,0.11,0.23260628636363637,0.33358022424023515,1.7142857142857142,1.1126972805283737,0.2580005327400437,0.08275120230510061,0.4375,0.07216878364870322,0.5,0.1521807946282987,0.6891708323789608,0.7662896370684594,0.01,0.06741809881512195,2.6817646199923857,0.0002003123412959552,6.66133814775094e-16,3.803379261866625,0.6123196260908343,0.9,7.0,0.21081851067789198,1.0,44751.0,12.0,GaussianNB,expected_error_reduction,0.5287541234014204
0,0.11084913602345536,0.1507465420312478,0.9217335289646053,0.1621738058087329,5.555555555555555,0.75,4.5,0.26352313834736496,2.5,0.9910760598382222,0.024390243902438935,1.0,,0.0,1.858479847547433,0.13307836125328856,0.14674009069852767,0.9910760598382222,0.4,0.9774305555555556,0.36234871899662724,0.500661599727812,0.11897534663809196,,,0.12182703171171604,0.1940433931685691,0.8366013071895425,0.6708148854788348,2.404927260184218,0.75,4.5,0.26352313834736496,2.5,9.707671448537548,,,0.020008988496249328,,,,0.3888888888888889,,0.0,,0.5,0.07856742013183865,,,5.167419852357832,,,0.6357295460325326,0.3795042804069007,0.4427083333333333,0.20351348596736346,0.18,11.491334454260386,0.48045806175000005,0.49752165625465494,1.8107175407671963,0.203318916761949,,,0.0,,0.0,,0.0,,4.0,2.25,0.9574271077563381,0.25,0.19510469912690256,9.333333333333332,1.5396007178390019,0.5,0.0,inf,0.65,2.5,0.4116363011742823,7.0,0.7716049382716049,0.17984772703799995,0.30565589160082896,2.5585173599999997,1.7010946506701432,0.42578940127777776,0.3587303849324161,0.14815561949999997,0.3103942126403646,-0.017425899999999998,0.0944574863067181,0.10209204803563134,0.12023701082765693,0.6111111111111112,0.47590787666526896,0.2322598788300722,0.4444444444444444,0.5113099925649136,0.1111111111111111,0.3233808333817773,0.85,7.0,0.3374742788552764,4.0,3.0,0.03,0.16666666666666666,1.0,0.0,1.0,0.0,100.0,1.0,0.0,2.0,0.09131313131313132,1.0,18.0,6.0,100.0,86.0,0.6869615765973234,8.028455660355734,,0.5025125628140703,0.15253362619751945,0.55,1.0,0.3689323936863109,6.0,1.0,-0.155597863611609,0.65,2.5,0.3374742788552765,5.0,2.5759432600000003,1.6805870571678616,inf,2.0,0.70391421713964,0.42082129942292945,,0.08399035752029366,,,0.08945400447303564,0.12003755147624648,0.4444444444444444,5.555555555555555,0.6111111111111112,0.11,0.23075032158333336,0.322627047773216,1.7142857142857142,1.1126972805283737,0.2580005327400437,0.08275120230510061,0.4375,0.07216878364870322,0.5,0.14678089176403852,0.670814885478835,0.7314160111550116,0.01,0.06862281624278406,2.748183932277286,0.0001752732986339608,0.0,3.7432848698802528,0.5756660083205271,0.8,6.0,0.25819888974716115,1.0,44751.0,13.0,GaussianNB,training_utility_sampling,0.48260095297684946
0,0.08490491517204873,0.11211964197990551,0.9225355389966978,0.16232425867087738,5.2631578947368425,0.7,5.0,0.25819888974716115,3.0,0.9819407868640977,0.04864864864864871,1.0,,0.0,1.6269226991223051,0.11547848124303389,0.14141544054815636,0.9819407868640977,0.4818181818181818,1.0657894736842106,0.38427402931406013,0.4954042344090304,0.13217855544241844,,,0.12353293913360325,0.19016930243528407,0.8304093567251462,0.7018434165598899,2.380069556389626,0.65,4.0,0.3374742788552764,4.0,11.124389800259095,,,0.018833698049256716,,,,0.42105263157894735,,0.0,,0.5,0.11164843913471806,,,4.880954231810031,,,0.6353801289064813,0.38579925117334823,0.47039473684210525,0.22334549975861814,0.19,11.751996140010778,0.498072455,0.4972132764244934,1.8162071439555354,0.20161009289816909,,,0.0,,0.0,,0.0,,4.0,2.25,0.9574271077563381,0.25,0.2032742144957275,9.333333333333332,1.5396007178390019,0.5,0.0,inf,0.55,2.5,0.43779751788545657,7.0,0.775623268698061,0.16820316424800003,0.2775650129846207,2.6660802000000006,1.7367766343093136,0.43554283173684216,0.35647107237881,0.139787426,0.3000481854893544,-0.017425899999999998,0.0944574863067181,0.08826918190526077,0.11766152840475008,0.5789473684210527,0.4755788775271747,0.22548040392312635,0.42105263157894735,0.5072572735017881,0.10526315789473684,0.3153017676423058,0.8,6.0,0.34960294939005054,5.0,3.0,0.03,0.15789473684210525,1.0,0.0,1.0,0.0,100.0,1.0,0.0,2.0,0.08646464646464647,1.0,19.0,6.0,100.0,87.0,0.6806294878916634,9.45138879826545,,0.5025125628140703,0.15162533266788317,0.55,2.5,0.3689323936863109,6.0,1.0,-0.14419357912607061,0.4,1.0,0.21081851067789195,1.0,2.6835061000000002,1.7157422818951031,inf,2.0,0.7233465275423789,0.4247556845622575,,0.0697621591058712,,,0.08412328194681137,0.11939811774304607,0.47368421052631576,5.2631578947368425,0.631578947368421,0.12,0.23793808069230762,0.3159691338459713,1.7142857142857142,1.1126972805283737,0.2580005327400437,0.08275120230510061,0.4375,0.07216878364870322,0.5,0.1414040071779849,0.7018434165598899,0.7231781402155425,0.01,0.06961340993854577,3.028010960779308,0.00015933936239450984,0.0,3.687992562364082,0.5671181775005696,0.85,7.0,0.24152294576982394,2.0,44751.0,14.0,GaussianNB,margin_sampling,0.5146573480877499
0,0.06130413430938751,0.09107356732556801,0.9213948739186618,0.1657757358782791,5.0,0.65,4.5,0.24152294576982394,2.0,0.9927744539878083,0.01980198019801993,1.0,,0.0,1.5177046745329148,0.10189510379812484,0.12487410495553002,0.9927744539878083,0.47706422018348627,1.14375,0.3851958234046951,0.5064245087944373,0.09771233612416769,,,0.1180645899218604,0.18067479665069777,0.8421052631578947,0.6847014440923548,2.2670680302018997,0.65,4.5,0.3374742788552764,6.0,13.116932266578567,,,0.017778002879693035,,,,0.4,,0.0,,0.5,0.07071067811865477,,,4.5206833455420945,,,0.6463168638514685,0.3802979860785315,0.53125,0.21393910917410713,0.2,11.450204665109519,0.507991986,0.501428154736089,1.8384828462039338,0.19321092440035476,,,0.0,,0.0,,0.050000000000000044,,4.0,2.25,0.9574271077563381,0.25,0.2041241452319315,9.333333333333332,1.5396007178390019,0.5,0.0,inf,0.55,2.0,0.3689323936863109,7.0,0.8225,0.17446426114320002,0.2847603133073885,2.6806662000000006,1.7317778919911913,0.4343417520000001,0.35672084280407956,0.147235827,0.30819846158238506,-0.017425899999999998,0.0944574863067181,0.07568648170253642,0.09619143731848359,0.7,0.4807127377107583,0.21894421778007805,0.5,0.512989176042577,0.15,0.36634754853252327,0.7,6.0,0.25819888974716115,3.5,3.0,0.03,0.15,1.0,0.0,1.0,0.0,100.0,1.0,0.0,2.0,0.0797979797979798,1.0,20.0,7.0,100.0,87.0,0.6881388137135884,11.173836769688078,,0.5025125628140703,0.15256632468286435,0.45,1.0,0.2838231060987733,5.0,1.0,-0.10037963378784938,0.6,3.0,0.21081851067789195,1.0,2.6980921,1.71053198871071,inf,2.0,0.7167884236117446,0.41550237314537614,,0.05260683888573029,,,0.08228817531571324,0.11971628780322204,0.75,5.0,0.65,0.13,0.22066498316666663,0.3139617498640307,1.7142857142857142,1.1126972805283737,0.2580005327400437,0.08275120230510061,0.4375,0.07216878364870322,0.5,0.13707237980067016,0.6847014440923549,0.6942578498009713,0.01,0.0706849634071013,3.21793716202929,0.00014163498879511983,0.0,3.6492359236756755,0.5446235411517527,0.8,7.0,0.25819888974716115,3.5,44751.0,15.0,GaussianNB,expected_error_reduction,0.5134030949490278
0,0.0726639848186258,0.08763450056790968,0.9187859669045152,0.1664501301390127,4.761904761904762,0.7833333333333333,6.5,0.2838231060987733,5.5,0.998363672593813,0.004524886877828149,0.9999999999999998,,0.0,1.5672837916712947,0.09794167088700677,0.11548012490593021,0.998363672593813,0.4818181818181818,1.25,0.4358786922699939,0.5108103107407032,0.0686106278333005,,,0.11580361369242131,0.17298126790744703,0.8523809523809524,0.6860347742939008,2.1858725481191295,0.7833333333333333,6.5,0.2838231060987733,5.5,13.78598013259063,,,0.01682528207511889,,,,0.47619047619047616,,0.0,,0.5,0.03367175148507373,,,4.467727934117134,,,0.6631589179537792,0.3786185162121715,0.5892857142857143,0.21611938664940333,0.21,11.420947892622067,0.509668659,0.5041800086122233,1.8447308732596017,0.18769321387302182,,,0.0,,0.0,,0.0,,4.0,2.25,0.9574271077563381,0.25,0.20711092620158553,9.333333333333332,1.5396007178390019,0.5,0.0,2251799813685247.0,0.6166666666666666,2.0,0.314760343871451,7.0,0.8344671201814059,0.17516558876460003,0.29125988486808413,2.7509007000000003,1.7230205918566763,0.42996285333333334,0.34470705929856316,0.14072379499999998,0.29938497289229543,-0.017425899999999998,0.0944574863067181,0.07241876623872681,0.08731835296055565,0.5714285714285714,0.48234174297486665,0.21326392319269963,0.47619047619047616,0.511766315719159,0.047619047619047616,0.21821789023599242,0.7666666666666666,5.0,0.25092421756969363,4.0,3.0,0.03,0.14285714285714285,1.0,0.0,1.0,0.0,100.0,1.0,0.0,2.0,0.07232323232323232,1.0,21.0,6.0,100.0,87.0,0.6920129648318738,11.687125376808522,,0.5025125628140703,0.15534617869638753,0.5166666666666666,1.0,0.24152294576982397,2.0,0.9999999999999996,-0.08204984767899294,0.6666666666666666,3.0,0.23570226039551584,1.0,2.7683266,1.700938697657362,2251799813685247.0,2.0,0.7236038761675792,0.4050591734912936,,0.04793146181656923,,,0.0805016402714932,0.11948549639469495,0.6190476190476191,4.761904761904762,0.6190476190476191,0.13,0.21725942392307687,0.3030069443137129,1.7142857142857142,1.1126972805283737,0.2580005327400437,0.08275120230510061,0.4375,0.07216878364870322,0.5,0.13368368984484028,0.6860347742939009,0.6673407621642368,0.01,0.07159938075722745,3.2481568991194965,0.00012747148991560785,4.440892098500646e-16,3.6070391143411067,0.529353716797319,0.7166666666666666,4.0,0.24907235301622105,3.0,44751.0,16.0,GaussianNB,margin_sampling,0.5138679349205665
0,0.053349600692167924,0.0657822489684877,0.9164288427513858,0.17081805110143977,4.545454545454546,0.7166666666666666,5.5,0.3429177636002437,5.0,0.9940302114769566,0.016393442622950727,1.0,,0.0,1.5742988559201612,0.08557650386850839,0.10367869976976739,0.9940302114769566,0.5210084033613445,1.34375,0.44372694440441207,0.5071768479965167,0.0897477334836689,,,0.1121441713654672,0.16615071384963956,0.8614718614718615,0.6698636987049348,2.105850308246197,0.6833333333333333,4.0,0.3638782865291737,6.0,15.904809522003088,,,0.006481422224766093,,,,0.5,,0.0,,0.5,0.06428243465332248,,,4.338092728513552,,,0.6828412111531449,0.35028248669235845,0.6505681818181818,0.2621022290313523,0.22,11.31222810683667,0.527284243,0.5163698212115131,1.8479603358311312,0.19043370474363655,,,0.0,,0.0,,0.0,,5.0,2.8,1.3038404810405297,0.2,0.1917729373611726,14.666666666666668,5.055250296034367,0.5,0.14142135623730948,inf,0.6166666666666666,2.5,0.31476034387145096,3.0,0.8367768595041323,0.17534868393420006,0.2891662192577789,2.7509007000000003,1.7230205918566763,0.42904232031818174,0.347218942941273,0.14709247750000004,0.30766971612725974,-0.017596599999999997,0.09512743641042894,0.06249871839721134,0.07652282431446532,0.5909090909090909,0.5207457130619876,0.24650235542355117,0.5,0.511766315719159,0.13636363636363635,0.35125008665710444,0.6166666666666666,2.5,0.3932297415374753,7.0,4.0,0.04,0.18181818181818182,1.0,0.0,1.0,0.0,100.0,1.0,0.0,2.0,0.0692929292929293,1.0,22.0,6.0,100.0,86.0,0.6890092384766586,13.663162161614443,,0.5025125628140703,0.15747215151242228,0.5333333333333333,1.0,0.24595492912420727,1.0,1.0,-0.09182104762590458,0.7333333333333333,7.0,0.33518006953329677,4.0,2.7684972999999995,1.7007036785822338,inf,2.0,0.7158127343418522,0.3988314092305975,,0.04760475053509452,,,0.08248689732303177,0.11928133881325541,0.5909090909090909,4.545454545454546,0.5909090909090909,0.13,0.22567004485714284,0.30736994773982645,2.2222222222222223,1.3944333775567928,0.19825712630196757,0.11291388205586965,0.375,0.125,0.5,0.13327493115661967,0.6698636987049349,0.6456978631816969,0.009999999999999998,0.06377154886793616,3.344810113104941,0.00011684886575597387,0.0,3.5701296097921524,0.5258017968385923,0.7166666666666666,5.5,0.24907235301622105,2.0,44751.0,17.0,GaussianNB,expected_error_reduction,0.5211699492864725
0,0.08704801029119927,0.11300513567656145,0.91444977162392,0.17132448767629538,4.3478260869565215,0.8333333333333333,6.5,0.2222222222222222,1.5,0.9876925088958033,0.03345724907063208,1.0,,0.0,1.7270980608902475,0.0908651932089227,0.11308545762689674,0.9876925088958033,0.5140845070422535,1.451086956521739,0.47550306858234387,0.4995007898846454,0.11005694667060979,,,0.10865901728811347,0.16029622533245425,0.8695652173913043,0.6584920117515264,2.0370863936433308,0.8333333333333333,6.5,0.2222222222222222,1.5,14.806168993744523,,,0.006111858469379246,,,,0.4782608695652174,,0.0,,0.5,0.09223131928520183,,,4.413319235376785,,,0.6702163314776043,0.3567337078691328,0.6820652173913043,0.2844908252374209,0.23,11.32781572611622,0.5152731480999999,0.5145348655440475,1.8354341057506056,0.1940802337313601,,,0.0,,0.0,,0.04347826086956519,,5.0,2.8,1.3038404810405297,0.2,0.1958935708881532,14.666666666666668,5.055250296034367,0.5,0.14142135623730948,inf,0.6833333333333333,3.5,0.32820123306093174,7.0,0.8260869565217391,0.17757999248639997,0.30520447528133077,2.7678880000000006,1.7151139541892093,0.4259479090086956,0.3528340672235301,0.14487877799999999,0.3103707579693548,-0.017596599999999997,0.09512743641042894,0.06670817476911785,0.08511445215967929,0.5652173913043478,0.5157733100925328,0.2448493416486045,0.43478260869565216,0.5068698018697019,0.34782608695652173,0.48698475355767396,0.7333333333333333,5.0,0.23830678432808017,4.0,4.0,0.04,0.17391304347826086,1.0,0.0,1.3333333333333333,0.5773502691896257,100.0,1.0,0.0,2.0,0.06464646464646465,1.0,23.0,5.0,100.0,88.0,0.6846162778013047,12.70821154661931,,0.5025125628140703,0.15951265222188024,0.6,2.0,0.2854496128592251,6.0,1.0,-0.12239347436618823,0.41666666666666663,1.0,0.23895347964007296,5.0,2.7854846,1.6943357069146896,inf,2.0,0.7103268548478893,0.39431281617957453,,0.05979865004375208,,,0.08050099172179107,0.11896191251906346,0.5652173913043478,4.3478260869565215,0.6086956521739131,0.14,0.22811072861333334,0.3160461586289651,2.2222222222222223,1.3944333775567928,0.19825712630196757,0.11291388205586965,0.375,0.125,0.5,0.13317410336925156,0.6584920117515264,0.6325139320707324,0.009999999999999998,0.06803144157949907,3.2752023301233995,0.00010786049146705282,0.0,3.511241253904114,0.5275660965762935,0.6833333333333333,3.5,0.22838671990104964,3.0,44751.0,18.0,GaussianNB,expected_error_reduction,0.5409675897850549
0,0.08146994090357441,0.1014525691128381,0.9253515415717337,0.1464123136771706,4.166666666666667,0.7,5.0,0.21942686286812776,2.0,0.9798687566511527,0.05405405405405406,1.0,,0.0,1.5255782333629866,0.06959162590080943,0.08278298061250629,0.9798687566511527,0.46976744186046515,1.5026041666666667,0.48911093459518945,0.4961819004995327,0.12100026349885577,0.1977964585625959,0.1618588299906437,0.10739267249185941,0.15437409906869434,0.8442028985507246,0.6538205548087462,1.9789644077050816,0.75,6.0,0.22566773346211003,3.0,18.543569790638507,0.9373122844071533,0.06823553296200252,0.005853053397980622,,0.0,,0.5,,0.0,,0.5,0.11785113019775793,,,4.088668443804068,,,0.6689051938031093,0.3628187960109954,0.703125,0.29750005708804717,0.24,11.295973007801624,0.5126933473,0.5001187402668641,1.8523788675968467,0.16253239781296397,4.979374544713542,5.098512394678213,0.0,,0.0,,0.125,,6.0,3.3333333333333335,1.632993161855452,0.16666666666666666,0.17873008824606013,23.46666666666667,12.369424669994425,0.5,0.23570226039551584,inf,0.4833333333333333,1.0,0.3804643037391985,7.0,0.8402777777777778,0.17224238192699995,0.3071752403998297,2.8022202000000003,1.6944191110080928,0.42304369780000006,0.33861399796116776,0.1393298225,0.3053084427765564,-0.017596599999999997,0.09512743641042894,0.052841430626039826,0.06473538754330756,0.5833333333333334,0.5162245265923188,0.23926036146845123,0.5,0.5107539184552492,0.20833333333333334,0.4148511169990534,0.6,3.0,0.3701851388657263,6.0,5.0,0.05,0.20833333333333334,1.0,0.0,1.0,0.0,100.0,1.0,0.0,2.0,0.059393939393939395,1.0,24.0,3.0,100.0,90.0,0.6791932659915256,16.511856333347037,,0.5,0.15398802407261722,0.5166666666666666,2.0,0.19953649995631076,1.0,1.0,-0.11871246600317119,0.65,4.0,0.3088209357708288,5.0,2.8198168000000003,1.673019208196277,inf,2.0,0.7128314563881054,0.3836189576112557,,0.052086167399707915,2.1443926535457947,1.059039376482414,0.0686895370797236,0.0737450729235486,0.5833333333333334,4.166666666666667,0.625,0.15,0.22480818719999998,0.3023663493443224,2.727272727272727,1.6787441193290353,0.1596206819789216,0.12460283285599377,0.3229166666666667,0.15893525935633876,0.5,0.13228427777655544,0.6538205548087465,0.616706341631059,0.01,0.05695017366734944,3.5734615584873155,0.0001001561706479776,0.0,3.520882092016501,0.49441226002028316,0.7833333333333333,7.0,0.23635608206869607,4.0,44751.0,19.0,GaussianNB,density_weighted_sampling,0.5530846100216307
0,0.06945439019723078,0.10045775647728174,0.9258892882453813,0.14653305551932577,4.0,0.4666666666666666,4.5,0.30225490019412093,3.0,0.9895875212220555,0.028391167192429068,0.9999999999999998,,0.0,1.3780204249830776,0.06517630999571304,0.07729872307450981,0.9895875212220555,0.48108108108108105,1.61,0.5145878141674007,0.5063145767267583,0.0922430993423205,0.1958591786890718,0.1605109921055926,0.1035881400008439,0.14868521887940123,0.8566666666666667,0.6349989816684013,1.9070033888929134,0.45,3.0,0.3429177636002436,6.0,20.028785912075545,0.9450399615586421,0.06193011197165928,0.005603982687098877,,0.0,,0.52,,0.0,,0.5,0.08485281374238575,,,3.739645096024646,,,0.6949762636918294,0.3567175896981504,0.795,0.31136904726345227,0.25,10.967925014474535,0.509117566,0.49652772436526643,1.8660685465020106,0.16009924492005825,5.170701060800743,5.265284604432239,0.0,,0.0,,0.16000000000000003,,5.0,2.8,1.3038404810405297,0.2,0.15231546211727817,14.666666666666668,5.055250296034367,0.5,0.14142135623730948,2251799813685247.0,0.41666666666666663,1.0,0.34471315683307935,7.0,0.8976,0.17493364340759998,0.3038860196895376,2.8022202000000003,1.6944191110080928,0.42084150264399994,0.33551578563025813,0.14122309999999996,0.3004987500933181,-0.017596599999999997,0.09512743641042894,0.04940826296542637,0.05999066844109353,0.68,0.5265291178588294,0.22758774024196698,0.56,0.5066228051190221,0.28,0.458257569495584,0.5166666666666666,6.0,0.3088209357708288,5.0,4.0,0.04,0.16,1.0,0.0,1.0,0.0,100.0,1.0,0.0,2.0,0.058787878787878785,1.0,25.0,3.0,100.0,90.0,0.6859298002523728,17.739563641273445,,0.5,0.1533806641682827,0.4333333333333333,2.0,0.3063121944908938,4.0,0.9999999999999996,-0.07530218194297465,0.4666666666666666,4.5,0.20487876571761973,1.0,2.8198168000000003,1.673019208196277,2251799813685247.0,2.0,0.7034259422896362,0.37630704927717634,,0.03438812856542934,2.1674009352228794,1.0812805777156413,0.06476110157901951,0.07189877725541886,0.84,4.0,0.6,0.15,0.21231867420666675,0.2994417110422148,2.2222222222222223,1.3944333775567928,0.19825712630196757,0.11291388205586965,0.375,0.125,0.5,0.12913149568927185,0.6349989816684012,0.594414696193149,0.009999999999999998,0.053745917635195296,3.8334130589597963,9.10510642254342e-05,4.440892098500646e-16,3.47573994705152,0.5002412847632572,0.8,7.0,0.21942686286812776,2.0,44751.0,20.0,GaussianNB,density_weighted_sampling,0.5610302956629794
0,0.10398274982030271,0.1355105597037495,0.9265590080408223,0.14892447393779282,3.8461538461538463,0.26666666666666666,1.0,0.1956312984628779,2.0,0.9957274520849256,0.0117647058823529,0.9999999999999998,,0.0,1.284651760565102,0.06376206496992491,0.07926638069052298,0.9957274520849256,0.4576271186440678,1.7524038461538463,0.5802190505616094,0.5122288357955015,0.0646830773496051,0.19459986180907213,0.1600128525302773,0.10027673348133292,0.1436018211640088,0.8646153846153846,0.6170741400975149,1.8430303441348732,0.36666666666666664,2.0,0.1531560972454469,1.0,20.55601581632944,0.9507956259922915,0.059108243459079,0.0071432657758983996,,0.0,,0.5384615384615384,,0.0,,0.5,0.054392829322042084,,,3.482851284202945,,,0.7152188904326576,0.36677691412524005,0.8798076923076923,0.32075865972481793,0.26,10.694181096291414,0.511185358,0.5048204358272604,1.8738467497761413,0.16160972522131628,5.410279654501197,5.4835358521729995,0.0,,0.0,,0.07692307692307687,,5.0,2.4,0.5477225575051661,0.2,0.1449341821647444,11.333333333333334,1.8257418583505538,0.5,0.14142135623730948,2251799813685247.0,0.41666666666666663,4.0,0.2515384760593727,4.0,0.9023668639053255,0.1831922168895,0.30317328006382455,2.8022202000000003,1.6944191110080928,0.41862898634615386,0.33371252273906943,0.1474252945,0.29907523677253905,-0.017596599999999997,0.09512743641042894,0.048439710349606376,0.06144486451232965,0.6923076923076923,0.49345218627002063,0.2508672363845322,0.5,0.5099019513592785,0.23076923076923078,0.4296689244236597,0.4833333333333333,5.0,0.3088209357708288,7.0,4.0,0.04,0.15384615384615385,1.3333333333333333,0.5773502691896257,1.3333333333333333,0.5773502691896257,100.0,1.0,0.0,2.0,0.056767676767676765,1.0,26.0,3.0,100.0,88.0,0.6901856760188042,18.128087293535014,,0.5,0.15243847683985234,0.5,6.0,0.2721655269759087,5.0,0.9999999999999996,-0.04767239399767525,0.3833333333333333,3.0,0.2838231060987733,6.0,2.8198168000000003,1.673019208196277,2251799813685247.0,2.0,0.6940592795058669,0.3697608517736237,,0.023865851198166643,2.1974691344871244,1.1080438248965243,0.06618815048315976,0.07184591407756105,0.8076923076923077,3.8461538461538463,0.5769230769230769,0.15,0.21872192575,0.2994103117218464,1.7777777777777777,0.9718253158075502,0.32808838596972456,0.1666852663448028,0.45,0.06846531968814576,0.5,0.12886288883869645,0.617074140097515,0.5740094189891751,0.01,0.0578460025656629,4.036213697421064,8.346347553998133e-05,4.440892098500646e-16,3.4246952442488316,0.5154871967993824,0.75,7.0,0.22566773346211003,3.0,44751.0,21.0,GaussianNB,expected_error_reduction,0.5690472496595473
0,0.09040951114979397,0.0636560481478264,1.30461202637655,0.3511179265517191,3.7037037037037037,0.36666666666666664,1.0,0.23306863292670035,3.0,0.9910760598382222,0.024390243902438935,1.0,,0.0,1.2071776910468162,0.05426943234681411,0.06134642150369644,0.9910760598382222,0.5023041474654377,1.9513888888888888,0.6829687504582944,0.5077591975009247,0.07945699449708463,0.19152788359370246,0.15568986322552325,0.1024478326251732,0.14123991833224692,0.8660968660968661,0.6365967787107475,1.833940005826358,0.41666666666666663,2.0,0.19641855032959654,1.0,13.682506548484664,0.9532255227714588,0.05685026615477515,0.006852600668126788,,0.0,,0.5555555555555556,,0.0,,0.5,0.07856742013183865,,,3.3817382963259353,,,0.7073682695217611,0.3567872422432126,0.9548611111111112,0.350896359639614,0.27,10.876346641548785,0.5036702181,0.4971410250458069,2.2232542776632247,0.34452191908543706,5.430022757249774,5.188724392844658,0.0,,0.0,,0.0,,6.0,3.3333333333333335,1.632993161855452,0.16666666666666666,0.11415581486979585,23.46666666666667,12.369424669994425,0.5,0.0,inf,0.5,3.0,0.2721655269759087,6.0,0.8984910836762688,0.174543918276,0.3108765971952229,2.9307838000000004,1.691864858283458,0.4177671125925926,0.3188552706604928,0.1367638,0.29442675944525554,-0.0188541,0.10081910060428315,0.07243380855154671,0.07447948539751474,0.7037037037037037,0.49124943567246776,0.24674018079312565,0.48148148148148145,0.5091750772173156,0.2222222222222222,0.4236592728681617,0.55,4.0,0.3047970383187823,7.0,5.0,0.05,0.18518518518518517,1.0,0.0,1.0,0.0,100.0,0.0,0.0,2.0,0.05454545454545454,1.0,27.0,3.0,100.0,87.0,0.6869615765973234,17.011092505899885,,0.36363636363636365,0.1714989754072132,0.5833333333333333,5.0,0.26352313834736496,5.0,1.0,-0.045003816118740554,0.6,6.0,0.25092421756969363,4.0,2.9496379000000004,1.6673542007964974,inf,1.0,0.7134016825854897,0.35908809587752816,,0.020017939571787866,2.2088740828717666,1.0624436211991974,0.06028603451799452,0.055835048513563905,0.7777777777777778,3.7037037037037037,0.5925925925925926,0.16,0.21287254164705882,0.2885633237306251,2.727272727272727,1.6787441193290353,0.1596206819789216,0.12460283285599377,0.3229166666666667,0.15893525935633876,0.46292585170340683,0.1335688804958697,0.6365967787107474,0.565076680898093,0.01,0.04984427707964529,4.247283329340582,7.78992438373159e-05,0.0,3.3749592137065907,0.5152783923522648,0.7666666666666666,7.0,0.21081851067789195,2.0,44751.0,22.0,GaussianNB,expected_error_reduction,0.5695240043644298
0,0.10691248127909139,0.09297563560329015,1.3104079871395238,0.3510639578626924,3.5714285714285716,0.31666666666666665,1.0,0.19953649995631081,2.0,0.9852281360342515,0.039999999999999813,0.9999999999999997,,0.0,1.1728582932859541,0.05133225777275197,0.05772469751247598,0.9852281360342515,0.5078125,2.0357142857142856,0.7006432170932151,0.5025477872080903,0.09303721419811409,0.18686922658433405,0.1521495659232692,0.0994366364604989,0.1359357718531761,0.8624338624338624,0.6283059783980142,1.7728909784830171,0.41666666666666663,2.0,0.26352313834736496,5.0,14.210266706858652,0.9552448130199838,0.05561188557157494,0.006604676812048754,,0.0,,0.6785714285714286,,0.0,,0.5,0.10101525445522107,,,3.267766295312791,,,0.70695016157969,0.3472904920544703,0.984375,0.377355641394948,0.28,10.837827683925624,0.50565329305,0.4975484749666829,2.2263039877284405,0.3456528544882933,5.688650607627747,5.3991504650847775,0.0,,0.0,,0.0714285714285714,,6.0,3.3333333333333335,1.632993161855452,0.16666666666666666,0.12302867316917918,23.46666666666667,12.369424669994425,0.5,0.23570226039551584,1501199875790164.2,0.5,3.0,0.2721655269759087,6.0,0.8979591836734694,0.17711971412730002,0.3219953365640068,2.9399838,1.6825467951376087,0.4141667353571428,0.31415557367722813,0.13394440950000003,0.28406786395234823,-0.0188541,0.10081910060428315,0.0693321354453345,0.07034437756079963,0.6785714285714286,0.48942067858935584,0.24342606462627592,0.4642857142857143,0.50787450018337,0.2857142857142857,0.4600437062282362,0.6166666666666666,5.0,0.3337959752399956,7.0,5.0,0.05,0.17857142857142858,1.0,0.0,1.25,0.5,100.0,0.0,0.0,2.0,0.050101010101010104,1.0,28.0,2.0,100.0,89.0,0.6829081047004717,17.900441746421123,,0.36101083032490977,0.1730880538109866,0.6,4.0,0.2629368792488718,4.0,0.9999999999999993,-0.05146647880803777,0.6833333333333333,6.0,0.2539806544591658,3.0,2.9588379000000002,1.6584326921611499,1501199875790164.2,1.0,0.710519969635601,0.3531493963015088,,0.021226947614812582,2.2511355941196936,1.0802820687050947,0.0589776689418359,0.05611037630189184,0.75,3.5714285714285716,0.6071428571428571,0.17,0.21230913933333334,0.2824407251315936,2.727272727272727,1.6787441193290353,0.1596206819789216,0.12460283285599377,0.3229166666666667,0.15893525935633876,0.4614716106604867,0.13326414407801657,0.6283059783980144,0.5539836200786333,0.01,0.05077240674853713,4.393186545171654,7.303054109748367e-05,6.66133814775094e-16,3.3530428246988846,0.5015229687120566,0.7333333333333333,7.0,0.19563129846287788,1.0,44751.0,23.0,GaussianNB,training_utility_sampling,0.5729927472499458
0,0.08349240462931325,0.07078612976086691,1.2945901250388685,0.3465688352498595,3.4482758620689653,0.41666666666666663,1.0,0.30681558381075724,6.0,0.9922666387194963,0.021176470588235352,1.0,,0.0,1.2918798550820774,0.052533217078077295,0.05588505738586397,0.9922666387194963,0.4736842105263158,2.3566810344827585,0.8852838449589602,0.506791913296829,0.07727897863015985,0.1845782383441451,0.15688023974964863,0.11633170717498376,0.16400191487211835,0.8694581280788177,0.7317234920349375,2.1071406792031397,0.5166666666666667,3.0,0.31865845332666637,7.0,14.028809268075012,0.9557017344912541,0.053431638946467325,0.006362646160387491,,0.0,,0.6896551724137931,,0.0,,0.5,0.0731489773641256,,,3.6116030140507736,,,0.7146989098328308,0.34655042995224594,1.1573275862068966,0.47027154533809484,0.29,11.583660451128011,0.5063245062,0.49237833458845937,2.216126125130497,0.3400302691921097,6.46707301206595,5.839628563409714,0.0,,0.0,,0.03448275862068961,,6.0,3.3333333333333335,1.632993161855452,0.16666666666666666,0.12416985540971401,23.46666666666667,12.369424669994425,0.5,0.23570226039551584,inf,0.4833333333333333,2.0,0.2283867199010496,5.0,0.901307966706302,0.170800901838,0.3084809714140222,3.2985431999999997,1.8370637453321805,0.4294868089655173,0.30322550501416995,0.12720183999999998,0.2680578311693327,-0.0198432,0.10613163219932562,0.0707306386278678,0.06763990695289253,0.6896551724137931,0.48863748782379496,0.2375323309221096,0.4827586206896552,0.5085476277156078,0.2413793103448276,0.4354941703556926,0.5999999999999999,5.0,0.21081851067789195,3.0,5.0,0.05,0.1724137931034483,1.0,0.0,1.0,0.0,100.0,0.0,0.0,2.0,0.054747474747474746,1.0,29.0,4.0,100.0,93.0,0.6877868229921127,17.303102448290367,,0.36764705882352944,0.16956395671697044,0.5666666666666667,4.0,0.22498285257018433,4.0,1.0,-0.05769758523474205,0.6333333333333333,6.0,0.1892154040658489,2.0,3.3183864,1.8099685265216714,inf,1.0,0.7730373165028783,0.3680919946071972,,0.028938067094680456,2.378758185812707,1.1166899524176999,0.05485376404719818,0.04949687007306566,0.7931034482758621,3.4482758620689653,0.5862068965517241,0.17,0.21183750094736845,0.2722919918793755,2.727272727272727,1.6787441193290353,0.1596206819789216,0.12460283285599377,0.3229166666666667,0.15893525935633876,0.46509341199606685,0.12926679571937358,0.7317234920349373,0.6305678318624968,0.01,0.04876648224748098,4.2245325795618,5.7616434462095374e-05,0.0,3.2519614386267586,0.5401648062836706,0.8333333333333333,7.0,0.17568209223157666,1.0,44751.0,24.0,GaussianNB,training_utility_sampling,0.5776663046663564
0,0.07899289015063328,0.0692933446397501,1.3086002371193084,0.33921600928748713,3.3333333333333335,0.4666666666666666,2.0,0.23306863292670035,5.0,0.9967916319816367,0.008849557522123908,0.9999999999999999,,0.0,1.2411066581822798,0.0476307341137423,0.05312054351314947,0.9967916319816367,0.5074626865671642,2.511458333333333,0.9371221700323239,0.5101509023196996,0.06370381791013816,0.18059466061627036,0.15455335528925349,0.12037294280218039,0.1654594954026791,0.8781609195402299,0.7709591532284499,2.1469372987926794,0.4999999999999999,3.0,0.23570226039551584,7.0,16.084456184536148,0.9574711471451168,0.05026542415110922,0.006136963214355133,,0.0,,0.7333333333333333,,0.0,,0.5,0.04714045207910316,,,3.564995220380606,,,0.7236567947446674,0.35269521674645316,1.24375,0.4883750987396526,0.3,11.866217154790723,0.5200473297999999,0.4934446745217826,2.2434195138938122,0.3364121782190947,6.644323433591946,5.944692364555099,0.0,,0.0,,0.0,,7.0,3.2857142857142856,1.3801311186847083,0.14285714285714285,0.13705133630530125,25.466666666666665,14.110673659011148,0.5,0.10101525445522107,4503599627370495.0,0.5333333333333333,4.5,0.23306863292670035,5.0,0.91,0.17104283917769997,0.3115187406564314,3.4159026,1.8197332351374689,0.44150317140000006,0.3070638521303067,0.1293039785,0.2770946175923892,-0.0198432,0.10613163219932562,0.06197235520713271,0.062383937441232204,0.7333333333333333,0.489312490479862,0.2324799587669989,0.5,0.5085476277156078,0.3,0.466091599699399,0.6,6.0,0.21081851067789195,3.0,6.0,0.06,0.2,1.2,0.44721359549995804,1.2,0.4472135954999579,100.0,0.0,0.0,2.0,0.054343434343434346,1.0,30.0,4.0,100.0,93.0,0.6909233093138181,20.11587066112819,,0.36496350364963503,0.16681659522036507,0.5333333333333333,4.5,0.23306863292670035,5.0,0.9999999999999998,-0.0483853187427385,0.26666666666666666,1.0,0.14054567378526128,1.0,3.4357458000000003,1.7910631734738172,4503599627370495.0,1.0,0.7972437691578556,0.36976859507872023,,0.02765636045770436,2.4091070514458885,1.112184622414436,0.051746974877964674,0.04686043536522194,0.7666666666666667,3.3333333333333335,0.6,0.18,0.20041394222222228,0.27053606654876194,2.6153846153846154,1.5566235649883124,0.17006964590348148,0.1857257341293428,0.3482142857142857,0.15978151935869,0.4636503108766452,0.1270397471363529,0.77095915322845,0.6505719289507099,0.01,0.048865045811038156,4.3855736002401535,5.350097485765999e-05,2.2204460492503185e-16,3.2136921628148984,0.5637439667742616,0.8333333333333333,7.0,0.17568209223157666,2.0,44751.0,25.0,GaussianNB,density_weighted_sampling,0.5819758321697609
0,0.07486532318469379,0.06184126902900973,1.3223479726685556,0.33562124036293556,3.225806451612903,0.3833333333333333,1.0,0.24907235301622105,4.0,0.9992492479956566,0.0020790020790019126,1.0,,0.0,1.2343135457432137,0.04782850122209331,0.051172812597976985,0.9992492479956566,0.536,2.6703629032258065,0.9634714628594995,0.5122448778359504,0.04273132457549627,0.17784607742153247,0.15393634171053208,0.11643777581457194,0.16004636329027402,0.853763440860215,0.750939474050579,2.077303424144486,0.41666666666666663,2.0,0.26352313834736496,5.0,15.435774087284782,0.9588983330674256,0.04976310686420591,0.005900541462904063,,0.0,,0.7419354838709677,,0.0,,0.5,0.022809896167307966,,,3.446680378102853,,,0.7230432655631189,0.351656164464765,1.344758064516129,0.4993800760437509,0.31,11.613254234278461,0.5128485145,0.4797579648626405,2.2568612869594817,0.3312237941322619,6.993916259971253,6.2512045020896725,0.0,,0.0,,0.06451612903225812,,7.0,3.0,0.816496580927726,0.14285714285714285,0.14166291381510968,20.0,5.849976258261415,0.5,0.10101525445522107,inf,0.5166666666666667,3.0,0.16573815433529218,2.0,0.9115504682622269,0.1714584319728,0.3113587986249499,3.4231281,1.8086777644180827,0.43668292661290314,0.30526603917959333,0.129972648,0.27703917070341344,-0.0198432,0.10613163219932562,0.06473593370472998,0.06379841426292349,0.6451612903225806,0.48793141971407344,0.22791794207249952,0.3870967741935484,0.49513764785419084,0.3225806451612903,0.4751909633114915,0.6416666666666667,5.0,0.2941035762792539,7.0,6.0,0.06,0.1935483870967742,1.5,0.5773502691896257,1.2,0.4472135954999579,100.0,0.0,0.0,2.0,0.05313131313131313,1.0,31.0,4.0,100.0,93.0,0.6926267989248349,19.42680003195717,,0.36231884057971014,0.1645898221505151,0.6749999999999999,6.0,0.22377926734580925,3.0,1.0,-0.02916616971726836,0.575,4.0,0.27902497786328184,6.0,3.4429713000000004,1.7797482544510403,inf,0.0,0.7880952367296978,0.3621559626840581,,0.01915929723035252,2.459088520379735,1.1384731000181492,0.049392210196425784,0.04639738911648102,0.9354838709677419,3.225806451612903,0.5806451612903226,0.18,0.202055982,0.26894869156094287,2.3076923076923075,1.1821319289469756,0.2524478085859489,0.12362330601958614,0.375,0.10206207261596575,0.4621995861849435,0.12481985467189806,0.7509394740505794,0.6312270459482823,0.01,0.047694855362861395,4.440222115979316,4.993424320048266e-05,0.0,3.170828672705837,0.5625305704457102,0.775,7.0,0.1573801719357255,1.0,44751.0,26.0,GaussianNB,training_utility_sampling,0.5846085635204532
0,0.07632098679459177,0.10401057213324603,1.3083827685671217,0.3399677718369203,3.125,0.5,1.0,0.15713484026367722,3.0,0.9971803988942641,0.0077821011673151474,1.0,,0.0,1.3236925760529874,0.04775001495217971,0.05205631866607678,0.9971803988942641,0.5520361990950227,2.86328125,1.0278842925892062,0.5105521709273839,0.0576216979517775,0.17547658081226186,0.15144588141449805,0.11762814372450185,0.1579015564967824,0.8528225806451613,0.7680978872312142,2.069390412933617,0.5333333333333333,2.0,0.1531560972454469,2.0,15.875435173501906,0.9594894611580034,0.04911927168539631,0.005695723035841323,,0.0,,0.71875,,0.0,,0.5,0.04419417382415922,,,3.55345746423156,,,0.7236877979338365,0.3261213258082521,1.4453125,0.5476880476883216,0.32,11.816680649216202,0.525030692,0.4856936735130521,2.2427503760011125,0.33719988052555466,7.247914097576164,6.4338552835802645,0.0,,0.0,,0.0625,,7.0,3.0,0.816496580927726,0.14285714285714285,0.14417638626745663,20.0,5.849976258261415,0.5,0.10101525445522107,inf,0.6166666666666667,3.0,0.2194268628681278,4.0,0.916015625,0.1743903038661,0.306702867552187,3.5058204,1.8102740387698992,0.4423098174875,0.30765448195299255,0.1301534285,0.2701736783098548,-0.020537700000000002,0.10834295579507762,0.06281279146027337,0.06336229251504355,0.71875,0.48892712561007556,0.22361588700587237,0.46875,0.5070073486774164,0.21875,0.42001344064515445,0.6416666666666666,4.0,0.2486072315029383,6.0,6.0,0.06,0.1875,1.5,0.5773502691896257,1.0,0.0,100.0,0.0,0.0,2.0,0.049494949494949494,1.0,32.0,4.0,100.0,95.0,0.6911927820032008,19.829877770909484,,0.3663003663003663,0.16482493631795606,0.65,5.0,0.2960647243216495,7.0,1.0,-0.03926517772413592,0.6583333333333334,6.0,0.2305722885494126,5.0,3.5263581000000004,1.7794409004361,inf,0.0,0.7983648831690405,0.36336168996058005,,0.02108127547279247,2.4950568387891505,1.1490018568403113,0.04745581793233847,0.04242605783190012,0.9375,3.125,0.59375,0.19,0.20665316714999998,0.26575267131486047,2.3076923076923075,1.1821319289469756,0.2524478085859489,0.12362330601958614,0.375,0.10206207261596575,0.4643728648121035,0.1240279892370301,0.7680978872312142,0.6371437844822726,0.009999999999999998,0.04537399532384551,4.38488814905184,4.699693477692485e-05,0.0,3.108013593791075,0.570501373391585,0.75,7.0,0.13608276348795434,1.0,44751.0,27.0,GaussianNB,margin_sampling,0.5843364103985175
0,0.08253820126422583,0.049579382045428284,1.3295420537220517,0.33321466110641834,3.0303030303030303,0.4416666666666666,3.0,0.22239576556942328,2.0,0.9993375041688846,0.0018348623853211565,0.9999999999999999,,0.0,1.3401523867071818,0.048322230638867196,0.05102712801814132,0.9993375041688846,0.5389755011135857,3.018939393939394,1.0676486408156751,0.511903121553908,0.03749174993470087,0.17388523568665765,0.15033863195160752,0.11407602766347884,0.15323872994446983,0.8560606060606061,0.7505980671501534,2.0083323707481795,0.475,4.0,0.22922978928641952,4.0,15.132679526914341,0.9595320484828244,0.05033402510006998,0.005513425551285299,,0.0,,0.7272727272727273,,0.0,,0.5,0.02142747821777415,,,3.475019844617945,,,0.7290245708653551,0.34109885824355557,1.5265151515151516,0.5505524354121573,0.33,11.617282052026727,0.524994462,0.475684997470984,2.2628411869341267,0.33173592714309724,7.437071415626137,6.64381787733947,0.0,,0.0,,0.09090909090909094,,7.0,3.0,0.816496580927726,0.14285714285714285,0.14712247158412492,20.0,5.849976258261415,0.5,0.10101525445522107,4503599627370495.0,0.39999999999999997,2.0,0.3137782499209542,7.0,0.9155188246097337,0.1768986844128,0.31183686187534543,3.5058204,1.8102740387698992,0.4400754311151516,0.30618774856015296,0.133165128,0.2765305734678076,-0.020537700000000002,0.10834295579507762,0.06603837095680942,0.0658484000669614,0.696969696969697,0.48816319829480714,0.22009917291472755,0.45454545454545453,0.5056498968474316,0.2727272727272727,0.45226701686664544,0.65,5.0,0.2509242175696937,5.0,6.0,0.06,0.18181818181818182,1.5,0.5773502691896257,1.0,0.0,100.0,0.0,0.0,2.0,0.04868686868686869,1.0,33.0,4.0,100.0,95.0,0.6926879734424749,19.132871760140812,,0.36101083032490977,0.16273684286482154,0.7,7.0,0.2551929795079078,6.0,0.9999999999999998,-0.027509104263685743,0.3666666666666667,1.0,0.20107734523170953,1.0,3.5263581000000004,1.7794409004361,4503599627370495.0,0.0,0.7897369528059004,0.3580440869572564,,0.016775849055232512,2.511656513269382,1.171709634148192,0.044928814538415844,0.04151641281999858,0.9393939393939394,3.0303030303030303,0.5757575757575758,0.19,0.21160178329523813,0.2664546970053139,2.3076923076923075,1.1821319289469756,0.2524478085859489,0.12362330601958614,0.375,0.10206207261596575,0.4614716106604867,0.1225847192757979,0.7505980671501535,0.6199422982625763,0.009999999999999998,0.04602517826887041,4.402778550277007,4.405962635336705e-05,2.2204460492503185e-16,3.0766947546057324,0.5699439149068514,0.6916666666666667,6.0,0.2258386291575316,3.0,44751.0,28.0,GaussianNB,density_weighted_sampling,0.5816697662119221
0,0.10884648118321798,0.07570860277380154,1.3380658783029593,0.3329124842881081,2.9411764705882355,0.4583333333333333,2.0,0.21960261528947078,2.0,1.0,0.0,0.9941711809305701,,0.0,1.3709997245507175,0.05148823713412143,0.0522668042704476,1.0,0.5191256830601093,3.193014705882353,1.1297568987819306,0.5122240136016213,0.019353106609434817,0.1730150788120904,0.15002535692744143,0.11083319544435516,0.1488585480521109,0.8484848484848485,0.7328213661496186,1.9514365685534014,0.4166666666666667,1.0,0.2721655269759087,6.0,13.955816549580039,0.9602896400169008,0.05018911111132711,0.003114117994581889,,0.0,,0.7352941176470589,,0.0,,0.5,0.0,,,3.4188546990626874,,,0.7460848394428956,0.3355516784587475,1.6176470588235294,0.573083248347517,0.34,11.42592332998769,0.5105174639999999,0.4592178030778452,2.266411167419698,0.3286019227587963,7.622206133031625,6.734831381485133,0.0,,0.0,,0.05882352941176472,,7.0,3.0,0.816496580927726,0.14285714285714285,0.15038260645523766,20.0,5.849976258261415,0.5,0.10101525445522107,85.03139985973748,0.5333333333333333,3.0,0.3073181485764296,7.0,0.9178200692041523,0.1780001835654,0.3018029281176267,3.5058204,1.8102740387698992,0.43588345793529404,0.30460565228184394,0.135931144,0.27473284471270343,-0.020537700000000002,0.10834295579507762,0.07165471088326195,0.07205339051221767,0.7058823529411765,0.4652170737272881,0.2363349563053863,0.4411764705882353,0.5039947372613783,0.20588235294117646,0.41042563012190475,0.6916666666666667,7.0,0.2258386291575316,3.0,6.0,0.06,0.17647058823529413,1.5,0.5773502691896257,1.2,0.4472135954999579,100.0,0.0,0.0,2.0,0.04868686868686869,1.0,34.0,4.0,100.0,96.0,0.6931471805599453,17.67380192884879,,0.3597122302158273,0.16095199412048253,0.6749999999999999,6.0,0.2338948270557876,4.0,0.9883763369928844,-0.02058329930566059,0.5333333333333334,4.0,0.17655831757856336,1.0,3.5263581000000004,1.7794409004361,85.03139985973748,0.0,0.7808862242452165,0.3525349340575737,,0.01493467250088785,2.5381418872829835,1.1765644522414622,0.045766804607710244,0.04152044678448982,0.9117647058823529,2.9411764705882355,0.5588235294117647,0.19,0.2140286791909091,0.2662880320774262,2.3076923076923075,1.1821319289469756,0.2524478085859489,0.12362330601958614,0.375,0.10206207261596575,0.46074201898188094,0.12223231728473792,0.7328213661496185,0.6035444315988401,0.01,0.04917394435259444,4.392071053401608,4.1467883626698404e-05,0.011623663007115597,3.0434277158521215,0.5740149794461543,0.575,5.0,0.24040218359354226,5.0,44751.0,29.0,GaussianNB,margin_sampling,0.595044545100039
0,0.08951430548328945,0.0729303898622406,1.3260029897078158,0.3402288360145561,2.857142857142857,0.5,2.0,0.2324055629261321,5.5,0.9994110647387552,0.0016313213703099683,0.9943335539550391,,0.0,1.2988280443602813,0.04742672054092725,0.04775359718960426,0.9994110647387552,0.5340314136125655,3.2839285714285715,1.1346380809364431,0.511406008262611,0.033169486492281304,0.1708891019989673,0.14780471824777625,0.10857834624549202,0.14562795754365365,0.853781512605042,0.7302276717937854,1.9164264779586682,0.5916666666666667,4.0,0.16410061653046587,4.0,15.606868572190889,0.9623575680426419,0.046758036462127485,0.0030158962818431323,,0.0,,0.7428571428571429,,0.0,,0.5,0.020203050891044183,,,3.279276968933911,,,0.7511322559870739,0.3245490143292976,1.6607142857142858,0.578765188921693,0.35,11.444505284938131,0.5135422965,0.4576695660026424,2.261377437484245,0.337213969324937,7.693429707458353,6.965508719760209,0.0,,0.0,,0.05714285714285716,,7.0,3.2857142857142856,1.3801311186847083,0.14285714285714285,0.13093073414159542,25.466666666666665,14.110673659011148,0.5,0.10101525445522107,87.48943985572002,0.4749999999999999,1.0,0.29671555984947967,7.0,0.9216326530612244,0.17739239021279998,0.2973185605560236,3.5058204,1.8102740387698992,0.4382902661942856,0.3097775909134939,0.136531588,0.27441578812831763,-0.020537700000000002,0.10834295579507762,0.06403661696232624,0.06335257654343253,0.7428571428571429,0.46678691200961975,0.23301117849427605,0.45714285714285713,0.505432670960188,0.22857142857142856,0.4260429614980358,0.7333333333333334,7.0,0.15614965913950218,2.0,6.0,0.06,0.17142857142857143,1.2,0.44721359549995804,1.0,0.0,100.0,0.0,0.0,2.0,0.04707070707070707,1.0,35.0,4.0,100.0,97.0,0.6927389617440811,19.706949439379734,,0.36363636363636365,0.1606124270384705,0.65,5.0,0.13494397557212354,1.0,0.9886992165208586,-0.023814923845349487,0.5666666666666667,3.0,0.1561496591395022,3.0,3.5263581000000004,1.7794409004361,87.48943985572002,0.0,0.7785001618162499,0.3541459635244552,,0.014411145552328865,2.5395112782664753,1.1946344607416537,0.04448132770193622,0.041894074272569075,0.9142857142857143,2.857142857142857,0.5714285714285714,0.2,0.20540852120000003,0.2686679811415811,2.6153846153846154,1.5566235649883124,0.17006964590348148,0.1857257341293428,0.3482142857142857,0.15978151935869,0.46292585170340683,0.12040652431821235,0.7302276717937854,0.6110997877851544,0.01,0.04470709707007349,4.607586492559436,3.916411231410405e-05,0.011300783479141435,3.038838518323649,0.5625925050680531,0.6666666666666667,6.0,0.2324055629261321,5.5,44751.0,30.0,GaussianNB,training_utility_sampling,0.5916552287372099
0,0.06528127327076977,0.05977778014202687,1.3286374234279952,0.34190119538245034,2.7777777777777777,0.5,1.0,0.28054180384339106,6.0,1.0,0.0,0.9944959004685915,,0.0,1.2736516491930383,0.044689389710947575,0.04474447117762492,1.0,0.53,3.4487847222222223,1.1951796501285274,0.511869931167005,0.020165135730930876,0.16602558999832137,0.14494460337999315,0.10863236649754836,0.14356137900364205,0.8571428571428572,0.7461868324523894,1.8971503818816557,0.5833333333333334,3.0,0.1800205749557739,3.0,16.377259868235434,0.9633882666262967,0.045485628001232174,0.00292956315096305,,0.0,,0.75,,0.0,,0.5,0.0,,,3.236955122090752,,,0.7537876042137969,0.32361764904102164,1.7309027777777777,0.5823040451448569,0.36,11.568356754804384,0.5110156817,0.4579278818622832,2.2675771478968274,0.33823603910714306,8.042638127448454,6.936688432987733,0.0,,0.0,,0.13888888888888884,,8.0,3.5,1.3093073414159542,0.125,0.1499559018070729,30.8,14.608021279909396,0.5,0.1767766952966369,90.09207043971661,0.5249999999999999,2.0,0.2914681864349928,7.0,0.9259259259259259,0.18128128559519996,0.2962846498915562,3.6151514000000002,1.7992975898085755,0.4392683910694445,0.3030210133110025,0.13668845400000001,0.27011931811661405,-0.020537700000000002,0.10834295579507762,0.06106027553116826,0.060356260430219334,0.7222222222222222,0.46645531165677184,0.22822958653457487,0.4722222222222222,0.506309397848002,0.3611111111111111,0.4871361075732195,0.65,5.0,0.2383067843280802,5.0,7.0,0.07,0.19444444444444445,1.4,0.5477225575051661,1.0,0.0,100.0,0.0,0.0,2.0,0.04242424242424243,1.0,36.0,4.0,100.0,98.0,0.6931471805599453,20.759440354143035,,0.36363636363636365,0.1601237264005434,0.6666666666666667,6.0,0.09622504486493763,1.0,0.9890220960488346,-0.017254165819347533,0.6166666666666667,4.0,0.10540925533894596,2.0,3.635689100000001,1.7669899442472499,90.09207043971661,0.0,0.7906174218655018,0.34976315896449806,,0.012539279365182714,2.5980738565790165,1.178918840662321,0.043749573871058385,0.041866992388333114,0.8888888888888888,2.7777777777777777,0.5833333333333334,0.21,0.20391843394999998,0.2592932740883793,2.8,1.5212776585113297,0.22348383773489267,0.19966212301249225,0.3203125,0.15377504151473068,0.46292585170340683,0.11893669727900046,0.7461868324523893,0.5987569400399841,0.010000000000000002,0.044070009289815915,4.720728540941181,3.698832829665382e-05,0.010977903951165376,2.9854611348805915,0.5604258228486241,0.8166666666666667,7.0,0.21081851067789195,4.0,44751.0,31.0,GaussianNB,training_utility_sampling,0.59334977056366
0,0.07303706644726385,0.05150721363717019,1.345105940792113,0.32955030576887034,2.7027027027027026,0.5166666666666666,2.0,0.2249828525701843,5.0,0.9994730201859837,0.0014598540145985828,0.9946411354142131,,0.0,1.386097714776906,0.0466302008077857,0.04600882426930056,0.9994730201859837,0.5375,3.566722972972973,1.2121082414562627,0.5108614333048973,0.010076137716647253,0.16466039261994406,0.1432403348715771,0.10859592577558409,0.14134578851279792,0.8438438438438438,0.7476460342757838,1.8761133215544659,0.5916666666666667,3.0,0.1861318396416773,3.0,15.392775889490673,0.9621315471947886,0.0480768664455498,0.002848169128745555,,0.0,,0.7567567567567568,,0.0,,0.5,0.01911099408612287,,,3.3305523123309766,,,0.7508577878267411,0.3186583322020356,1.7989864864864864,0.5894646404257954,0.37,11.59311758089286,0.5130405308,0.4483436598738075,2.2796476563608206,0.328424822550854,8.091581105208597,7.056252381075095,0.0,,0.0,,0.05405405405405406,,8.0,3.75,1.7525491637693282,0.125,0.1181949708414588,40.4,30.177632839729554,0.5,0.0,92.55401828943113,0.4666666666666666,1.0,0.29186501192363773,7.0,0.9276844411979547,0.17830873782959997,0.29752481567876027,3.6453137,1.7764676530214747,0.44125392077027015,0.29823315045178045,0.13432017999999998,0.26965516286756896,-0.020537700000000002,0.10834295579507762,0.06493130461727621,0.061326752049835995,0.7027027027027027,0.4671373340009274,0.22498077361557473,0.4594594594594595,0.5052279240652235,0.2702702702702703,0.4502251688907482,0.725,7.0,0.1714588818001218,2.0,7.0,0.07,0.1891891891891892,1.1666666666666667,0.408248290463863,1.0,0.0,100.0,0.0,0.0,2.0,0.040202020202020204,1.0,37.0,4.0,100.0,97.0,0.6927819059876479,19.715831119065825,,0.35714285714285715,0.16054884495771624,0.6833333333333333,6.0,0.15614965913950218,1.0,0.989310988258075,-0.015256774774219741,0.625,4.0,0.19344983718311276,4.0,3.6658514,1.7433781935209827,92.55401828943113,0.0,0.7942663326253847,0.3434627986759979,,0.013406539184906611,2.5950791536163407,1.1874198245102827,0.04162708270334419,0.04065335936960725,0.8918918918918919,2.7027027027027026,0.5675675675675675,0.21,0.20592898073478255,0.2567866547108464,3.066666666666667,1.8695555876298773,0.13631782649014923,0.1764599143952007,0.30859375,0.1825518975866863,0.4592783505154639,0.12005178532132592,0.7476460342757838,0.5856911314881934,0.01,0.04443283644557537,4.5894918438054875,3.50415741757773e-05,0.010689011741925051,2.975827957010239,0.5497411836327374,0.6666666666666666,5.0,0.24216105241892633,6.0,44751.0,32.0,GaussianNB,training_utility_sampling,0.59334977056366
0,0.07279658389046902,0.05930505848778996,1.3281936956897042,0.3359717308336487,2.6315789473684212,0.5333333333333333,2.0,0.2670136631266204,5.0,0.9980008838722995,0.0055248618784530246,0.994771828735813,,0.0,1.3514158952821578,0.04483920833091237,0.04464950105683529,0.9980008838722995,0.5350993377483444,3.7228618421052633,1.2749809768683784,0.509881968010266,0.011018616181891143,0.16237999930234043,0.14099139182160342,0.10909171112735933,0.1406000200992451,0.8463726884779517,0.767784874154565,1.8812873486554769,0.5916666666666667,4.0,0.2898754521821014,7.0,16.63758856112325,0.9627470738584004,0.04710979983343954,0.00277128381297379,,0.0,,0.8157894736842105,,0.0,,0.5,0.03721614637823934,,,3.2938374467506946,,,0.7572638485203215,0.31382663376558123,1.8898026315789473,0.6367450833803932,0.38,11.734059667947694,0.5180146340999999,0.4562092479068357,2.26620987203027,0.3329224638024024,8.155843073926999,7.016006590632532,0.0,,0.0,,0.02631578947368418,,7.0,3.2857142857142856,1.3801311186847083,0.14285714285714285,0.14797583377569434,25.466666666666665,14.110673659011148,0.5,0.10101525445522107,94.88638993655222,0.5833333333333334,3.0,0.161970885967925,2.0,0.9300554016620499,0.1792869365532,0.29389790079108746,3.7082306999999997,1.799919040854565,0.4430027694078947,0.29623743479408204,0.133386814,0.26366785543108934,-0.020537700000000002,0.10834295579507762,0.059984707531733905,0.05781339929959144,0.6578947368421053,0.4686201867684616,0.22133951736618318,0.47368421052631576,0.506009406240056,0.15789473684210525,0.36953702147663203,0.8,7.0,0.19720265943665388,4.0,6.0,0.06,0.15789473684210525,1.2,0.44721359549995804,1.0,0.0,100.0,0.0,0.0,2.0,0.03898989898989899,1.0,38.0,4.0,100.0,98.0,0.6917614988524178,21.14220507763659,,0.36231884057971014,0.1608742751676048,0.6583333333333333,5.0,0.19424593041163432,3.0,0.9895709912463938,-0.00652913906518752,0.45,1.0,0.1314684396244359,1.0,3.7287684000000003,1.766530020024545,94.88638993655222,0.0,0.8033363871086459,0.35167064955635224,,0.010961642911491102,2.6083370321625727,1.1787087382494557,0.040863113058640224,0.04034122457381525,0.868421052631579,2.6315789473684212,0.5789473684210527,0.22,0.20678317424583337,0.2515751014286431,2.6153846153846154,1.5566235649883127,0.17006964590348148,0.1857257341293428,0.3482142857142857,0.15978151935869,0.4621995861849435,0.11835462563358469,0.7677848741545651,0.6104954875124636,0.01,0.04582345458026863,4.699129994708996,3.3289495466988434e-05,0.010429008753606195,2.9483602111706655,0.5459362844681085,0.7083333333333334,6.0,0.2756865727955446,6.0,44751.0,33.0,GaussianNB,margin_sampling,0.59334977056366
0,0.05556000155121317,0.04173741718373679,1.3298672396584805,0.3373434640162266,2.5641025641025643,0.4583333333333333,1.0,0.1482927535004349,2.0,0.9957274520849256,0.0117647058823529,0.9948900602807059,,0.0,1.3090120000844527,0.04186430805197056,0.04236614505576853,0.9957274520849256,0.5326633165829145,3.854967948717949,1.299606492099637,0.5083428168088456,0.022718246503805103,0.16078447997650336,0.14045242822066525,0.10673239753438267,0.1382050663399314,0.8488529014844804,0.7624050942539624,1.8509445640587743,0.4833333333333333,3.0,0.21081851067789195,5.0,17.852640931685634,0.9640157819133954,0.04634416979890382,0.002698528506309454,,0.0,,0.7948717948717948,,0.0,,0.5,0.054392829322042084,,,3.195894503538253,,,0.7636750961178049,0.31989893029771976,1.953525641025641,0.6518047990278703,0.39,11.672440724837648,0.5075102664,0.4524841834688396,2.269819893163456,0.33501724434737984,8.352114747733555,7.2456788788617565,0.0,,0.0,,0.17948717948717952,,8.0,3.125,0.6408699444616557,0.125,0.1259415557973622,23.333333333333332,5.656854249492381,0.5,0.1767766952966369,97.09915278123563,0.475,2.0,0.3425800798515744,7.0,0.9322813938198553,0.1773409810578,0.29258864611600915,3.7082306999999997,1.799919040854565,0.43780066826923075,0.2945770204854784,0.129004397,0.25522204574182716,-0.020537700000000002,0.10834295579507762,0.05577479857994935,0.05445916079074266,0.6666666666666666,0.46833001356722764,0.21826143902961012,0.46153846153846156,0.5050353737560759,0.3333333333333333,0.47756693294091934,0.6916666666666667,6.5,0.10430546308621438,1.0,7.0,0.07,0.1794871794871795,1.75,0.9574271077563381,1.0,0.0,100.0,0.0,0.0,2.0,0.03898989898989899,1.0,39.0,4.0,100.0,98.0,0.6901856760188042,22.843514876207166,,0.36101083032490977,0.16233143941016762,0.6333333333333333,4.0,0.19720265943665388,4.0,0.9898062320453467,0.0016252329294727422,0.675,5.0,0.23717082451262844,6.0,3.7287684000000003,1.766530020024545,97.09915278123563,0.0,0.7994496907264739,0.3528889232790374,,0.007662587451382101,2.6349127339177505,1.1946308086696695,0.040452340289616515,0.04041425729404562,0.8717948717948718,2.5641025641025643,0.5641025641025641,0.22,0.204606423396,0.24663173700933422,2.4,1.121223821162776,0.24337065668081773,0.1481265199364758,0.359375,0.08010874305770696,0.4614716106604867,0.11825984485218649,0.7624050942539626,0.6141149291419004,0.01,0.04404085833368518,4.828303771687348,3.170428139713185e-05,0.010193767954653323,2.9342474670188987,0.5425863310929893,0.6916666666666667,6.5,0.1573801719357255,3.0,44751.0,34.0,GaussianNB,training_utility_sampling,0.59334977056366
0,0.07263049392575657,0.05518117043898918,1.3341139454610162,0.337529832416196,2.5,0.425,2.5,0.12076147288491197,1.0,0.9927744539878083,0.01980198019801993,0.9949975313120738,,0.0,1.3225255951712958,0.043595588896084524,0.043736986399571604,0.9927744539878083,0.5326633165829145,4.01484375,1.3338322415197603,0.5062059639778298,0.0340200492714819,0.1595204688308907,0.13942596521077877,0.1055761847927639,0.1350866035206767,0.8551282051282051,0.7597630362708179,1.816730793490712,0.4,1.0,0.12909944487358058,2.0,16.79458594745555,0.9639901348830985,0.047321722836096224,0.002629568075230813,,0.0,,0.8,,0.0,,0.5,0.07071067811865477,,,3.1727447015341226,,,0.76978120601212,0.3251119232558816,2.0203125,0.6711170814539225,0.4,11.647134780969038,0.5039262887,0.45018859400890004,2.2677756319716234,0.3330935749886623,8.560053565007287,7.474974593667481,0.0,,0.0,,0.050000000000000044,,8.0,3.125,0.6408699444616557,0.125,0.12747548783981963,23.333333333333332,5.656854249492381,0.5,0.1767766952966369,99.20127748367763,0.425,2.5,0.2648374763678451,7.0,0.933125,0.17260283238029994,0.28041074926411774,3.7330617,1.786035882604156,0.43748952806249997,0.2940320420571149,0.12657632250000003,0.2527570578392406,-0.020537700000000002,0.10834295579507762,0.05911276747720105,0.05811825202765991,0.65,0.46938516354443766,0.2153907211288061,0.45,0.503831473655779,0.325,0.4743416490252569,0.65,5.0,0.21081851067789195,4.0,7.0,0.07,0.175,1.75,0.9574271077563381,1.0,0.0,100.0,0.0,0.0,2.0,0.037575757575757575,1.0,40.0,4.0,100.0,98.0,0.6881388137135884,21.568964411547217,,0.36101083032490977,0.1612357955490562,0.625,4.0,0.1767766952966369,3.0,0.9900200873171213,0.0068349076386388305,0.7,7.0,0.22973414586817037,5.0,3.7535994000000006,1.752088378550626,99.20127748367763,0.0,0.7999354997013488,0.3479612084909994,,0.006176270439038798,2.659592939490348,1.2163427709939858,0.03964266605471958,0.040321385987378625,0.875,2.5,0.575,0.23,0.19344591730000002,0.24423680689475208,2.4,1.121223821162776,0.24337065668081773,0.1481265199364758,0.359375,0.08010874305770696,0.4614716106604867,0.11721453616670345,0.7597630362708181,0.6011716109024942,0.01,0.04449488242257939,4.854839338440396,3.0263177697262217e-05,0.00997991268287868,2.91686313150909,0.536053060276221,0.675,6.0,0.23717082451262844,6.0,44751.0,35.0,GaussianNB,margin_sampling,0.5847887131018423
0,0.060386613161876324,0.05721695595130038,1.325252673100546,0.3395236356122159,2.4390243902439024,0.43499999999999994,3.0,0.17646214576755237,3.0,0.9961344835095797,0.010650887573964596,0.9951426930477678,,0.0,1.3126989892890104,0.04119357041413352,0.04353651617352291,0.9961344835095797,0.5407407407407407,4.114329268292683,1.366961762723066,0.5079938289880107,0.023300730417223258,0.15732580687632597,0.13798630524491173,0.1064450439737809,0.13648903910315774,0.8597560975609756,0.775739610548996,1.8384392893143904,0.485,4.0,0.18863545089227882,4.0,18.158333870787686,0.9653510438348724,0.04763752632130137,0.0025584168290707972,,0.0,,0.8292682926829268,,0.0,,0.5,0.051739520574625435,,,3.1481354122623753,,,0.7712850135524744,0.32292859809798996,2.0777439024390243,0.6749971770492008,0.41,11.822160921760089,0.516309863,0.4588901947222292,2.2665289030612077,0.3361178415600249,8.752003473932032,7.712306039385446,0.0,,0.0,,0.04878048780487809,,10.0,4.3,1.946506842754191,0.1,0.1377083144900889,71.63809523809525,64.14140651898987,0.5,0.0,102.18830743577972,0.41500000000000004,2.0,0.23576117859675993,6.0,0.9351576442593694,0.17680376687819999,0.28484114589750903,3.7688227,1.8064133154245574,0.44190778974390243,0.300362666664763,0.12857733699999999,0.2520540441222131,-0.020783,0.11007069989214875,0.05485825354891818,0.05463358712962668,0.6585365853658537,0.4700218546889394,0.21248783734036383,0.4634146341463415,0.5048544827774513,0.1951219512195122,0.40121765882884264,0.655,6.0,0.21402232489989345,5.0,9.0,0.09,0.21951219512195122,1.2857142857142858,0.48795003647426666,1.0,0.0,100.0,0.0,0.0,2.0,0.03535353535353535,1.0,41.0,4.0,100.0,98.0,0.6904678087032025,23.157762731523935,,0.36101083032490977,0.16437753735601152,0.6599999999999999,7.0,0.11972189997378647,1.0,0.9903089795263639,-0.0018526438641729706,0.39,1.0,0.12427567921538166,2.0,3.7896057,1.7720945931037617,102.18830743577972,0.0,0.8071222584553646,0.3543286017742018,,0.0076385074743049,2.6850656574163922,1.2337045202574133,0.039004038374861605,0.04051579262648496,0.8780487804878049,2.4390243902439024,0.5853658536585366,0.24,0.19794105888799998,0.2463901493255956,3.5789473684210527,2.063324972349355,0.13441901210271384,0.185103741618208,0.2609375,0.1812919012869086,0.4614716106604867,0.11759392457591857,0.7757396105489961,0.6198829332614207,0.009999999999999998,0.0423620129170248,4.978283660060043,2.867037887109052e-05,0.009691020473636128,2.9221914066462906,0.5297301539613685,0.585,5.0,0.2887232431085366,7.0,44751.0,36.0,GaussianNB,margin_sampling,0.5873793672580183
0,0.07529549007767176,0.057421321114166854,1.3290729859735788,0.34217603930891766,2.380952380952381,0.45499999999999996,1.5,0.22041627284148813,4.0,0.9934472383802027,0.017977528089887618,0.9952407943244437,,0.0,1.3041973885785734,0.03977112468791193,0.04143864678226227,0.9934472383802027,0.5444839857651246,4.208333333333333,1.37653508175448,0.5061609152539963,0.0344556291710526,0.15506728048592341,0.135720155719085,0.1049805608896357,0.1351864886685175,0.8641114982578397,0.7797703217161549,1.8257148060467407,0.45499999999999996,1.5,0.2763351427363359,5.0,19.089899243444787,0.965877046006473,0.047255279896678014,0.0024962053953012163,,0.0,,0.8333333333333334,,0.0,,0.5,0.06734350297014742,,,3.1148258866046734,,,0.7671583567756034,0.2815297812127453,2.1235119047619047,0.6896430146530145,0.42,11.847682101124754,0.51458279735,0.45783218354734434,2.270479759094577,0.33867969409792376,8.79728478952968,7.901428283776343,0.0,,0.0,,0.04761904761904767,,7.0,3.0,0.816496580927726,0.14285714285714285,0.1524553389864964,20.0,5.849976258261415,0.5,0.10101525445522107,104.31014492633064,0.48,3.0,0.29173808649388083,7.0,0.9382086167800453,0.17722923156540005,0.288006990390751,3.7719986999999997,1.8060451066313878,0.443855115702381,0.3054603050353704,0.12837266600000002,0.25304981666535725,-0.020783,0.11007069989214875,0.0520404652592045,0.051350710132531716,0.6666666666666666,0.47079090607401786,0.20991954774693541,0.47619047619047616,0.5054867366041313,0.30952380952380953,0.4679011380933327,0.705,7.0,0.28523869146928704,6.0,6.0,0.06,0.14285714285714285,1.5,0.5773502691896257,1.0,0.0,100.0,0.0,0.0,2.0,0.03313131313131313,1.0,42.0,4.0,100.0,98.0,0.6886051523183013,24.53922182197445,,0.36101083032490977,0.16324050098242612,0.665,6.0,0.17167475709090785,2.0,0.9905042386875496,0.004792185653271113,0.5700000000000001,4.0,0.10327955589886445,1.0,3.7927817,1.7716816194973515,104.31014492633064,0.0,0.8075824458793436,0.35898413743927754,,0.005453797424203601,2.682325384453707,1.2559066423650094,0.0383228668425544,0.040729585243655345,0.8809523809523809,2.380952380952381,0.5714285714285714,0.24,0.20078695315,0.24846812956680753,2.3076923076923075,1.1821319289469756,0.2524478085859489,0.12362330601958614,0.375,0.10206207261596575,0.4614716106604867,0.11637715287930886,0.7797703217161548,0.6355889115044439,0.009999999999999998,0.04696779156096648,5.050197404222916,2.7423840659303977e-05,0.00949576131245045,2.923047706979491,0.520072952241522,0.5900000000000001,5.0,0.2092313976863362,3.0,44751.0,37.0,GaussianNB,margin_sampling,0.5814183936717294
0,0.06332457556491425,0.05470205246102311,1.3359558743773408,0.3404813571317153,2.3255813953488373,0.45,2.0,0.15275252316519466,2.0,0.996485989886783,0.009687836383207693,0.9953714089101952,,0.0,1.2743030860901492,0.03805012256357878,0.03945738545865172,0.996485989886783,0.5520833333333333,4.372093023255814,1.3995178464207472,0.5080391422666364,0.021634480864092316,0.15386152965880956,0.13477901560667255,0.10293753978057936,0.13228927671416288,0.867109634551495,0.77076444141273,1.7888405742608016,0.475,3.0,0.1359125535858341,1.0,19.658550774497197,0.9672398586747878,0.043820298208268764,0.0024321688289157964,,0.0,,0.8372093023255814,,0.0,,0.5,0.049333031245573054,,,3.020222450481538,,,0.772753452255652,0.280266767364318,2.2122093023255816,0.6951200455810128,0.43,11.788940268877221,0.5209943629,0.46570495923001004,2.281752166874044,0.33821664596537987,9.012758038507293,8.127612194010371,0.009685109216529764,,0.023255813953488413,,0.09302325581395354,,8.0,3.375,1.1877349391654208,0.125,0.11456376012530879,28.8,14.680858934259232,0.5,0.0,107.2748124089605,0.39,1.0,0.2705960499013654,6.0,0.9399675500270417,0.17744798919540003,0.2854317657459278,3.7840421,1.8067936678286334,0.44261393580232555,0.3058282984744427,0.12738138899999998,0.2486795790852781,-0.020783,0.11007069989214875,0.05068969739007986,0.04867687257011403,0.6511627906976745,0.47266541642672216,0.20828106381041622,0.46511627906976744,0.5046845884077512,0.18604651162790697,0.39374961547907883,0.595,6.0,0.2783383233085631,7.0,7.0,0.07,0.16279069767441862,1.4,0.5477225575051661,1.1666666666666667,0.408248290463863,100.0,0.0,0.0,2.0,0.03191919191919192,1.0,43.0,3.0,100.0,99.0,0.6907114543575098,25.35557012890733,,0.3584229390681004,0.16378908554406924,0.65,7.0,0.20682789409984761,3.0,0.990764241675867,0.002374706961210489,0.54,4.0,0.20789954839350233,4.0,3.8048251,1.7726140363017349,107.2748124089605,0.0,0.8033522049457393,0.35588795794129513,,0.005029432793673849,2.708867320173109,1.2697425630273647,0.03746720760858104,0.04077297129872976,0.8837209302325582,2.3255813953488373,0.5813953488372093,0.25,0.20458825936666666,0.2502883756204545,2.6666666666666665,1.4474937289114918,0.19060458261114607,0.15325337594072602,0.3359375,0.13647139613957834,0.46001090257768085,0.11650213050996239,0.7707644414127298,0.6250161291182099,0.01,0.043110135467506,5.2005546662969495,2.6052648626338777e-05,0.009235758324133035,2.90296393943235,0.5143514228414791,0.5900000000000001,5.0,0.2401388487243717,5.0,44751.0,38.0,GaussianNB,density_weighted_sampling,0.5822855310458895
0,0.07115848390127616,0.05254610624552125,1.3294375927034077,0.3441896112985099,2.272727272727273,0.39,1.0,0.11737877907772673,1.0,0.9985090989176322,0.004123711340206282,0.9954895692446109,,0.0,1.2512600667136222,0.035675009756133365,0.03720564424736498,0.9985090989176322,0.5677966101694916,4.565340909090909,1.4702231321822568,0.5092267182777592,0.009814434102190177,0.15276719282940646,0.1341853029327369,0.10049031659033103,0.12923545250704002,0.854122621564482,0.7570187174679326,1.7480058559696625,0.41,2.0,0.24472206457303536,5.0,21.6991657770657,0.9686397197282584,0.04202690265855339,0.002371628646084492,,0.0,,0.8409090909090909,,0.0,,0.5,0.03214121732666122,,,2.9289686243563056,,,0.7737966346705737,0.3121311505281107,2.3125,0.7269345680864748,0.44,11.683380136416284,0.5206992012,0.4648931146904628,2.281930678416838,0.34237763691020556,9.23902182906475,8.339893819614673,0.00915017003128682,,0.022727272727272707,,0.09090909090909094,,9.0,3.888888888888889,1.6158932858054431,0.1111111111111111,0.11779024095050161,45.733333333333334,31.196794707149003,0.5,0.07856742013183865,110.10472227874409,0.48,3.0,0.2710063549890379,6.0,0.946797520661157,0.17981962383609001,0.2855587435423583,3.7840421,1.8067936678286334,0.44013471014772726,0.3048711821219681,0.12852293750000002,0.24820622782027654,-0.020783,0.11007069989214875,0.0460160132042024,0.04589169023650019,0.6363636363636364,0.4766500607958317,0.20626750990574055,0.5,0.5057805388588732,0.36363636363636365,0.48660709956247955,0.7,7.0,0.21473497877875208,3.0,8.0,0.08,0.18181818181818182,1.3333333333333333,0.5163977794943223,1.0,0.0,100.0,0.0,0.0,2.0,0.03171717171717172,1.0,44.0,3.0,100.0,99.0,0.6921137666782082,27.890759979658498,,0.36101083032490977,0.1629398837280923,0.5650000000000001,5.0,0.28289181285038595,7.0,0.9909994824748208,-0.0015008410334724743,0.6799999999999999,6.0,0.11832159566199234,2.0,3.8048251,1.7726140363017349,110.10472227874409,0.0,0.7963890356354879,0.35216964086499564,,0.0063006539654494485,2.7342411893211693,1.286334824815861,0.03621004770789599,0.038845699363967416,0.8863636363636364,2.272727272727273,0.5681818181818182,0.25,0.2075841392821429,0.25166580565521157,3.176470588235294,1.7760663739584404,0.1679405155103746,0.1958206737316427,0.2881944444444444,0.1702894033778314,0.4614716106604867,0.11513483721583931,0.7570187174679327,0.6130671181338491,0.01,0.03905073421045466,5.318963129982368,2.4812046310798836e-05,0.009000517525179167,2.877598987309053,0.5170969411453316,0.555,4.0,0.2397336484981243,4.0,44751.0,39.0,GaussianNB,margin_sampling,0.5811763917508501
0,0.05353905480784807,0.04180298050435437,1.337130125227698,0.344304380960074,2.2222222222222223,0.45,1.0,0.15986105077709065,1.0,0.9996437496778561,0.000987166831194597,0.9955969755611941,,0.0,1.220707796826045,0.0346294394873765,0.03493250301007184,0.9996437496778561,0.5679124886052871,4.748611111111111,1.513638804522253,0.509744881627882,0.009281569435200546,0.1513144825234078,0.1332288570433917,0.09852473635621202,0.1264972769246234,0.8585858585858586,0.749064809484748,1.7136946479872248,0.49000000000000005,4.0,0.19264244369066522,3.0,21.621716477567293,0.9702977504656444,0.03982302260676664,0.0023142703035002217,,0.0,,0.8444444444444444,,0.0,,0.5,0.015713484026367706,,,2.84452692199566,,,0.784390141156568,0.29437245492103237,2.4097222222222223,0.7590663602529603,0.45,11.644525389668893,0.5217674718,0.4599599228351092,2.2905405543125754,0.3418568378062116,9.409247186573403,8.547590177671761,0.009297590423753221,,0.022222222222222254,,0.0888888888888889,,11.0,4.363636363636363,1.689540012709215,0.09090909090909091,0.1044465935734187,69.46666666666667,41.50056492252712,0.5,0.06428243465332248,112.80885837653538,0.485,3.0,0.18715709384839727,2.0,0.9481481481481482,0.1861159908216,0.2910345974910941,3.7964521,1.8033759681014518,0.4411603159888889,0.3072403058914102,0.13404987000000002,0.2542432333106846,-0.020783,0.11007069989214875,0.04623332059297857,0.045299252715512224,0.6222222222222222,0.47750974846853506,0.203927124549123,0.4888888888888889,0.5055250296034367,0.26666666666666666,0.44721359549995804,0.76,7.0,0.21055482263138342,4.0,10.0,0.1,0.2222222222222222,1.6666666666666667,0.5163977794943223,1.1111111111111112,0.33333333333333337,100.0,0.0,0.0,2.0,0.031313131313131314,1.0,45.0,3.0,100.0,99.0,0.6929002466535776,27.921351702148062,,0.3597122302158273,0.16150048184405005,0.55,5.0,0.24944382578492943,7.0,0.9912133377465969,-0.006616411497046439,0.45999999999999996,2.0,0.2131770260709264,5.0,3.8172350999999995,1.7689830415832373,112.80885837653538,0.0,0.7925913231323165,0.34940613973563994,,0.007699388408888192,2.7499603352760476,1.3009129278116487,0.03523638638602722,0.03898082284189311,0.8888888888888888,2.2222222222222223,0.5555555555555556,0.25,0.20120837299629632,0.25206974871680216,3.619047619047619,1.8567765206451334,0.17006964590348148,0.1857257341293428,0.24431818181818182,0.1738905579275759,0.46074201898188094,0.11397112751856699,0.7490648094847479,0.6051480282207408,0.01,0.03711850609539561,5.467702647530268,2.3684226023944345e-05,0.008786662253403082,2.8551133691189325,0.5119934815019751,0.575,6.0,0.22760833806246106,6.0,44751.0,40.0,GaussianNB,density_weighted_sampling,0.581368147795977
0,0.06751521041716958,0.06986519597721846,1.3401923205674513,0.34522719030896165,2.1739130434782608,0.44000000000000006,2.0,0.1429840705968481,3.0,0.9986359641585719,0.0037735849056602655,0.9956868610718023,,0.0,1.1657262964415012,0.03318852351409895,0.03424111399860682,0.9986359641585719,0.5629310344827586,4.953804347826087,1.5940936330308724,0.5095165019702194,0.009773152613188976,0.15066868715034096,0.13308026062530987,0.09657273728899324,0.12408549013728408,0.8599033816425121,0.7378877033138309,1.6811654209534685,0.48,4.0,0.12292725943057184,2.0,22.227965351581744,0.9723560587540517,0.03807049569739696,0.0022628770194964946,,0.0,,0.8478260869565217,,0.0,,0.5,0.03074377309506726,,,2.73248096638756,,,0.7567927794997756,0.2889325659281038,2.5230978260869565,0.8090588127198253,0.46,11.513186126323344,0.51747269885,0.45599202570494946,2.2939012773115772,0.34272951995931894,9.6351246929145,8.747251660881517,0.00976525555289054,,0.021739130434782594,,0.06521739130434778,,9.0,3.3333333333333335,0.7071067811865475,0.1111111111111111,0.12076690806158666,28.666666666666668,7.211102550927978,0.5,0.07856742013183865,115.17539418399251,0.465,3.0,0.17328524974093373,4.0,0.9551039697542533,0.1864674426342,0.28893229113475466,3.7964521,1.8033759681014518,0.43887612592391306,0.30771011242584506,0.135159084,0.25307291524016085,-0.020783,0.11007069989214875,0.044927007414446454,0.04515051332590508,0.6521739130434783,0.48320557211616516,0.20069170844784154,0.5217391304347826,0.5050469916434667,0.30434782608695654,0.46521513386061164,0.6950000000000001,7.0,0.2832843094843059,7.0,8.0,0.08,0.17391304347826086,2.0,0.816496580927726,1.1428571428571428,0.3779644730092273,100.0,0.0,0.0,2.0,0.031313131313131314,1.0,46.0,3.0,100.0,99.0,0.6922017029622767,28.8304382529718,,0.3597122302158273,0.16080789354337433,0.51,5.0,0.2282785822435191,6.0,0.9913923253110185,0.0016718608335787334,0.41500000000000004,1.0,0.12030054955079059,1.0,3.8172350999999995,1.7689830415832373,115.17539418399251,0.0,0.7866632527748453,0.3467724635292602,,0.003519227129672729,2.774997417429994,1.3189359750167764,0.03467962981408809,0.03915768114423451,0.8913043478260869,2.1739130434782608,0.5652173913043478,0.26,0.203831519425,0.25501343603144383,2.588235294117647,1.1757350641945108,0.2580005327400437,0.08275120230510061,0.3333333333333333,0.08838834764831843,0.46074201898188094,0.11313382493514411,0.7378877033138309,0.5952125522233711,0.010000000000000002,0.04336026234927732,5.639415389584175,2.269738327294666e-05,0.008607674688981493,2.8304627420815636,0.5176178445464996,0.5800000000000001,6.0,0.22135943621178655,5.0,44751.0,41.0,GaussianNB,margin_sampling,0.5826307617823335
0,0.0673797853657058,0.05231082171254798,1.3349160860433695,0.3472351920427408,2.127659574468085,0.395,1.0,0.15890248582070704,3.0,0.999673426004892,0.0009049773755656076,0.9957849087389329,,0.0,1.1676853169701158,0.03241098213380435,0.035000097334003936,0.999673426004892,0.5729827742520399,5.154255319148936,1.6654584591178427,0.5098491285326778,0.00887309632256618,0.15027830607115727,0.13275858925195919,0.09498886015703616,0.12196301186363581,0.8658649398704903,0.7277524414496466,1.6536402963476122,0.42000000000000004,2.0,0.15311578770474468,2.0,23.21715230971831,0.9731685919354317,0.03541305755846479,0.0022106788386411945,,0.0,,0.851063829787234,,0.0,,0.5,0.015044825131628652,,,2.6849982101504772,,,0.7618311024972011,0.2905705837719909,2.6210106382978724,0.8417502727195856,0.47,11.447638941744373,0.5194485609,0.46159501284798504,2.291531973696047,0.3455213362165559,9.813571781925692,8.955271717709882,0.011745859904784384,,0.021276595744680882,,0.021276595744680882,,9.0,3.3333333333333335,0.7071067811865476,0.1111111111111111,0.12800386984241166,28.666666666666668,7.211102550927978,0.5,0.07856742013183865,117.87192170856723,0.49000000000000005,3.0,0.17448336437736536,4.0,0.958804889090086,0.1908219085164,0.2952657902934452,3.7964521,1.8033759681014518,0.43769397358510637,0.3091204968033836,0.137172898,0.25631358368538226,-0.020783,0.11007069989214875,0.043057538352214084,0.043671407396594246,0.7021276595744681,0.48525882567977735,0.19815156328904934,0.5531914893617021,0.5025375018797696,0.3829787234042553,0.4913686072930561,0.7050000000000001,7.0,0.22167293224227647,6.0,8.0,0.08,0.1702127659574468,2.0,0.816496580927726,1.1428571428571428,0.3779644730092273,100.0,0.0,0.0,2.0,0.031313131313131314,1.0,47.0,3.0,100.0,98.0,0.6929208167159919,30.00307488838888,,0.3597122302158273,0.1620960529021576,0.495,4.0,0.24545875417267154,7.0,0.9915875844722049,-0.0035230089474917827,0.55,5.0,0.07071067811865474,1.0,3.8172350999999995,1.7689830415832373,117.87192170856723,0.0,0.781107514244003,0.34469059854960626,,0.005338107821249216,2.7924237238427763,1.3350256495793902,0.03388627957830233,0.03927345708678607,0.8936170212765957,2.127659574468085,0.5531914893617021,0.26,0.2074937203413793,0.2576592848898782,2.588235294117647,1.1757350641945108,0.2580005327400437,0.08275120230510061,0.3333333333333333,0.08838834764831845,0.46074201898188094,0.11301603017976047,0.7277524414496466,0.5874016961137842,0.01,0.04355382101079115,5.710653628862781,2.1710540521948984e-05,0.008412415527795146,2.80646307838524,0.5206728840366305,0.5900000000000001,6.0,0.18529256146249728,5.0,44751.0,42.0,GaussianNB,margin_sampling,0.5826307617823335
0,0.05976141749996853,0.060004440986296544,1.3393488975092143,0.3455346084497818,2.0833333333333335,0.465,2.5,0.1795828499606797,1.5,0.9987472979361685,0.0034662045060658286,0.9958675881016872,,0.0,1.2181453680695076,0.032219742703309774,0.03364418992254018,0.9987472979361685,0.574468085106383,5.24609375,1.682155457454873,0.5089977834996259,0.008567645542583829,0.14888488560192595,0.13141302568565477,0.09395740939492588,0.11998405271589298,0.8670212765957447,0.7263103030536522,1.631180721312542,0.465,2.5,0.1795828499606797,1.5,22.99161184885705,0.9726791174386764,0.03643039303336565,0.002163670926819259,,0.0,,0.8541666666666666,,0.0,,0.5,0.029462782549439494,,,2.711388966226224,,,0.7617770378424034,0.2870904507450054,2.6627604166666665,0.8493328482539851,0.48,11.435891458384571,0.52089500461,0.46544328225931625,2.2946565573503346,0.3436500284400248,9.872551843170564,9.177968370522038,0.011244151457387885,,0.02083333333333337,,0.10416666666666663,,9.0,3.3333333333333335,0.7071067811865476,0.1111111111111111,0.12968645414571595,28.666666666666668,7.211102550927978,0.5,0.07856742013183865,120.24523264544672,0.43499999999999994,1.0,0.21608897344483927,4.0,0.9600694444444444,0.18817234960860002,0.29017809173460907,3.7988121,1.8029781294691376,0.43715130585791667,0.3089126336294657,0.134762328,0.25100603821459444,-0.020783,0.11007069989214875,0.043439638095048035,0.0433293616745153,0.7083333333333334,0.4856697052451276,0.19594780743993082,0.5625,0.5013280235873938,0.2916666666666667,0.4593396431851038,0.655,7.0,0.2948163270015191,6.0,8.0,0.08,0.16666666666666666,2.0,0.816496580927726,1.1428571428571428,0.3779644730092273,100.0,0.0,0.0,2.0,0.029696969696969697,1.0,48.0,3.0,100.0,99.0,0.6922788736563188,29.83241381013935,,0.35842293906810035,0.16219146733975132,0.4800000000000001,4.0,0.3011090610836324,7.0,0.9917522530314716,0.00015736026106442612,0.515,5.0,0.24726279317537622,5.0,3.8195950999999995,1.7685494530266888,120.24523264544672,0.0,0.7806068790692859,0.3437217623345742,,0.004658715562708525,2.795445951705006,1.351843403138534,0.033292908558622124,0.03894786604183046,0.8958333333333334,2.0833333333333335,0.5625,0.27,0.20841832541933336,0.25625390619426924,2.588235294117647,1.1757350641945108,0.2580005327400437,0.08275120230510061,0.3333333333333333,0.08838834764831845,0.46001090257768085,0.11263875888083962,0.7263103030536522,0.5819146060411243,0.01,0.043935924425172065,5.647806462446382,2.084211890107102e-05,0.008247746968528372,2.8077985033965924,0.5143460217237465,0.6,6.0,0.1957890020745122,3.0,44751.0,43.0,GaussianNB,expected_error_reduction,0.5826307617823335
0,0.050270200485525156,0.03925754351451214,1.34308900165574,0.34403729562455976,2.0408163265306123,0.445,4.0,0.17709068612185994,2.0,0.9972943816462349,0.007468879668049877,0.9959439014214049,,0.0,1.1301001764101912,0.03017561462512143,0.03234166872809309,0.9972943816462349,0.5869565217391304,5.440051020408164,1.7326008748738184,0.5086689453075374,0.017014657582516322,0.14810895873280833,0.13065300848401154,0.09266083997583455,0.11805659383693623,0.8715986394557823,0.7192805151272385,1.6062053674144996,0.425,3.0,0.19329022507905336,4.0,24.79972283812827,0.9752315179724371,0.03244536945424087,0.002118656612845938,,0.0,,0.8367346938775511,,0.0,,0.5,0.04329225190938047,,,2.57731382346527,,,0.7881929128745532,0.3006302300797958,2.770408163265306,0.8833435676891557,0.49,11.346335328758286,0.5158159404799999,0.464113440033967,2.3001694507449164,0.3435838323006532,10.029941207248713,9.350374957581797,0.011291119125786064,,0.020408163265306145,,0.16326530612244894,,9.0,3.5555555555555554,1.130388330520878,0.1111111111111111,0.1141357941194729,34.13333333333333,15.156516750229917,0.5,0.07856742013183865,122.5216737481959,0.37,2.0,0.1888562063228706,3.0,0.9625156184922948,0.1900515347304,0.29530849678934923,3.8061351,1.8015148477914695,0.4358012471914286,0.30980945059096127,0.13654235799999997,0.25692733181527694,-0.020783,0.11007069989214875,0.040213932557058546,0.04019355246623056,0.6938775510204082,0.48576272000326337,0.19292590664536563,0.5510204081632653,0.5025445456953674,0.32653061224489793,0.47380354147934284,0.6700000000000002,7.0,0.2406010991015812,5.0,8.0,0.08,0.16326530612244897,1.6,0.5477225575051661,1.0,0.0,100.0,0.0,0.0,2.0,0.029292929292929294,1.0,49.0,3.0,100.0,98.0,0.6912717888263618,32.39859885003946,,0.35842293906810035,0.1607250456309998,0.4800000000000001,5.0,0.2699794230842212,6.0,0.991904254778489,0.008954836445896749,0.34500000000000003,1.0,0.08959786703810409,1.0,3.8269181,1.7669706609979878,122.5216737481959,0.0,0.7771454712460161,0.3413068047945081,,0.00026833991385784067,2.8119041481309393,1.3633220079059456,0.032352891747799345,0.03815983302524571,0.8979591836734694,2.0408163265306123,0.5510204081632653,0.27,0.2100802189929032,0.25948130868764163,2.823529411764706,1.4245742398014511,0.19706908487134,0.12184758058765026,0.3125,0.1316585902058806,0.46001090257768085,0.11161718213949733,0.7192805151272386,0.5725715534198418,0.01,0.03892901809897887,5.914131499204082,2.004049894333752e-05,0.00809574522151102,2.787850895341816,0.5150256771792655,0.615,6.0,0.2867926079939997,7.0,44751.0,44.0,GaussianNB,margin_sampling,0.5826307617823335
0,0.06718924102437862,0.05063895162999791,1.335255194865617,0.3455387294113198,2.0,0.42000000000000004,1.5,0.19888578520235062,3.0,0.9953784388202258,0.012718600953895098,0.9960145566892267,,0.0,1.149128485887389,0.030187408943441695,0.032478786380943536,0.9953784388202258,0.5700132100396301,5.57625,1.7560273389973522,0.5072610678609245,0.026467982012717283,0.14656739786601494,0.12911460744009684,0.09135740750906413,0.11572824798192789,0.856326530612245,0.714899541997296,1.5780302839830351,0.4600000000000001,3.5,0.1646545204697129,1.0,24.489901476350177,0.9750663516413143,0.03220485051491797,0.0020755079564750605,,0.0,,0.84,,0.0,,0.5,0.05656854249492382,,,2.5679474734747565,,,0.7564109677703458,0.2793350927097124,2.8475,0.9145062861724788,0.5,11.306711620607595,0.5143810637099999,0.45828786894094165,2.289989189289794,0.3447828760184054,10.036722542163165,9.485160954872548,0.011227286446603979,,0.020000000000000018,,0.06000000000000005,,9.0,3.5555555555555554,1.130388330520878,0.1111111111111111,0.11005049346146119,34.13333333333333,15.156516750229917,0.5,0.07856742013183865,124.7070572068091,0.42000000000000004,1.5,0.2573367875415838,6.0,0.9636,0.19221855789486,0.30957635031794556,3.8152169000000002,1.7983469632374178,0.4355836299876,0.30841588063244607,0.14035769060000003,0.26970891152031395,-0.020783,0.11007069989214875,0.04064444439604871,0.0403343940844097,0.7,0.4862656690636872,0.19144654567963085,0.56,0.501426536422407,0.34,0.47851812069840644,0.6799999999999999,7.0,0.23475755815545346,5.0,8.0,0.08,0.16,1.6,0.5477225575051661,1.0,0.0,100.0,0.0,0.0,2.0,0.02808080808080808,1.0,50.0,3.0,100.0,98.0,0.6899437584583995,31.852096140239656,,0.35842293906810035,0.16351474636148797,0.4800000000000001,5.0,0.28596814119369623,7.0,0.9920449971368367,0.01241206972489013,0.4600000000000001,3.5,0.18973665961010275,2.0,3.8359999,1.76371731848108,124.7070572068091,0.0,0.7758832119570634,0.33770584205498655,,-0.0007485388169318475,2.8108835801838508,1.3651464006816167,0.03199047409072712,0.0382600470736795,0.94,2.0,0.56,0.28,0.20148659646933337,0.2589263995923788,2.823529411764706,1.4245742398014511,0.19706908487134,0.12184758058765026,0.3125,0.1316585902058806,0.46001090257768085,0.11229596412156,0.7148995419972961,0.5626098244813315,0.01,0.038587325573111675,5.915682494654309,1.929825824173243e-05,0.007955002863163311,2.7795706682660226,0.5106257408223046,0.6200000000000001,6.0,0.22010098692292238,4.0,44751.0,45.0,GaussianNB,expected_error_reduction,0.5826307617823335
0,0.05660110594976811,0.04499250458948407,1.3410798745214942,0.3434699498549801,1.9607843137254901,0.49000000000000005,2.0,0.13703203194062974,1.0,0.9930554830121975,0.01904036557501898,0.9960801606645866,,0.0,1.157294943402949,0.029850890106706718,0.032640168338937035,0.9930554830121975,0.5717066839714471,5.692401960784314,1.7637116020472503,0.5055022936606158,0.035414875093347065,0.14559123004350544,0.1278438750355586,0.09088194319332568,0.1141041006147313,0.8596078431372549,0.7165044945223525,1.5606014317098826,0.5900000000000001,5.0,0.21317702607092642,4.0,24.92904858800202,0.9748601869100617,0.031428490243650326,0.0020341082287433634,,0.0,,0.8235294117647058,,0.0,,0.5,0.06932419423397528,,,2.5585363449135623,,,0.7556644327607392,0.27837479779699825,2.892156862745098,0.9301653441200444,0.51,11.31887090495135,0.51528540124,0.4579973512730056,2.2943000834554765,0.34378455775632233,10.068346581013497,9.687115243717608,0.010989665523081782,,0.019607843137254943,,0.13725490196078427,,9.0,3.5555555555555554,1.130388330520878,0.1111111111111111,0.11263848326545153,34.13333333333333,15.156516750229917,0.5,0.07856742013183865,126.80673935332781,0.45,1.0,0.15811388300841894,3.0,0.9634755863129566,0.19381487939352002,0.3208547187515506,3.8405639000000003,1.8090166741127538,0.4367973497917647,0.307471759510691,0.1424662342,0.28291334014410835,-0.020783,0.11007069989214875,0.03983527407821494,0.04064445085657502,0.6862745098039216,0.48563099765453155,0.1894499049353974,0.5490196078431373,0.5025425550218043,0.29411764705882354,0.46017899330842227,0.6833333333333333,7.0,0.23687784005919826,7.0,8.0,0.08,0.1568627450980392,1.6,0.5477225575051661,1.1428571428571428,0.37796447300922725,100.0,0.0,0.0,2.0,0.02707070707070707,1.0,51.0,3.0,100.0,98.0,0.6883336081894993,32.66563693997281,,0.35842293906810035,0.16139160497411326,0.51,4.0,0.21317702607092645,5.0,0.9921756864695886,0.01648144819035104,0.4966666666666667,3.0,0.1494434118097326,2.0,3.8613468999999996,1.774295378730735,126.80673935332781,0.0,0.7778561574501126,0.33551451945775473,,-0.001645783038587849,2.810469381992578,1.3801510990527712,0.031149676219036658,0.037659070211159426,0.9019607843137255,1.9607843137254901,0.5490196078431373,0.28,0.20369033374451614,0.2588969350201592,2.823529411764706,1.4245742398014511,0.19706908487134,0.12184758058765026,0.3125,0.1316585902058806,0.46001090257768085,0.11076756803274988,0.7165044945223523,0.55480854017669,0.009999999999999998,0.04066420634047556,5.945319967970852,1.8609034733099125e-05,0.007824313530411353,2.775647820299798,0.50432474397396,0.6466666666666667,6.0,0.22673201672328375,6.0,44751.0,46.0,GaussianNB,margin_sampling,0.5826307617823335
0,0.052089071072432234,0.04725224859021368,1.3498314057563385,0.3397044642484131,1.9230769230769231,0.6499999999999999,5.0,0.20920189315291923,5.0,0.990374836448575,0.026277372262773824,0.9961412363439777,,0.0,1.135550919832159,0.02912782724154541,0.03083411544114154,0.990374836448575,0.5927868852459016,5.907451923076923,1.8445646831142322,0.5035621646496461,0.045640607433893976,0.1451577295237503,0.1275768452860997,0.08936266943555009,0.11221716043752683,0.8634992458521871,0.7067651235649152,1.535177609696716,0.73,7.0,0.13739193284133006,2.0,25.518241851603303,0.9755272648352417,0.030334819920904803,0.001994350634244275,,0.0,,0.8269230769230769,,0.0,,0.5,0.08158924398306319,,,2.498062127459584,,,0.7651289529100412,0.26179881844240416,2.9951923076923075,0.989884202496147,0.52,11.220562506796648,0.51793875961,0.46574410847166803,2.301395777040114,0.34151876809315923,10.253719912633978,9.912635329153376,0.011268187646777617,,0.019230769230769273,,0.15384615384615385,,9.0,3.5555555555555554,1.130388330520878,0.1111111111111111,0.11529554967054453,34.13333333333333,15.156516750229917,0.5,0.07856742013183865,128.82566449419244,0.41,1.0,0.1911950719959998,4.0,0.9637573964497042,0.19478175238745998,0.3212438069695078,3.8405639000000003,1.8090166741127538,0.4361276322573077,0.3091960958204035,0.1445640116,0.28492802737050155,-0.020783,0.11007069989214875,0.03881046516479936,0.037813315682403,0.6923076923076923,0.4863210839799331,0.18776419111226442,0.5576923076923077,0.5015060275070905,0.36538461538461536,0.48623588860399414,0.6833333333333333,6.0,0.23687784005919826,7.0,8.0,0.08,0.15384615384615385,1.6,0.5477225575051661,1.0,0.0,100.0,0.0,0.0,2.0,0.026868686868686868,1.0,52.0,3.0,100.0,98.0,0.6864755255818468,33.78008830928984,,0.3546099290780142,0.16269981283602122,0.5366666666666667,3.0,0.23436280832488315,6.0,0.9922973627449083,0.019488356821834796,0.48,2.0,0.09189365834726812,1.0,3.8613468999999996,1.774295378730735,128.82566449419244,0.0,0.7725385309120878,0.3332565696778421,,-0.0035493576389161166,2.8252646769368783,1.401386630392112,0.030620168164717073,0.037748167311790995,0.9038461538461539,1.9230769230769231,0.5576923076923077,0.29,0.20797046690874998,0.26317345701725925,2.823529411764706,1.4245742398014511,0.19706908487134,0.12184758058765026,0.3125,0.1316585902058806,0.45780928424422596,0.11167873762867474,0.7067651235649152,0.546979810032465,0.01,0.03932616975514302,6.040780175807772,1.796734388023364e-05,0.007702637255091684,2.75339027921951,0.507978287062642,0.5900000000000001,4.0,0.15559523303498046,3.0,44751.0,47.0,GaussianNB,margin_sampling,0.5819118335674627
0,0.058637546447815124,0.041919313288926965,1.3404179537543084,0.34420733072721726,1.8867924528301887,0.5733333333333334,4.0,0.21761898973057942,5.0,0.987380023288353,0.0342897130860742,0.9961982369330621,,0.0,1.0968006240700525,0.028138573331965837,0.029987852793225363,0.987380023288353,0.6009085009733939,6.100235849056604,1.9119099306004432,0.5015151247796473,0.05499906181817568,0.1445105597221002,0.1272296780031659,0.08796978284254729,0.1102453229165062,0.867198838896952,0.6993198520771088,1.5105584577116629,0.6166666666666667,6.0,0.14163943093313291,3.0,26.893569800694692,0.9765683891831611,0.02857800037989016,0.001956137217269243,,0.0,,0.8301886792452831,,0.0,,0.5,0.09339146166614777,,,2.4249975693336627,,,0.7651905385486814,0.2605691788209774,3.082547169811321,1.0410752508924042,0.53,11.143920337085888,0.5225205948,0.4747693610627706,2.2910836237379226,0.3450771604660282,10.449111644748688,10.14931804369266,0.0115910223703799,,0.018867924528301883,,0.037735849056603765,,9.0,3.5555555555555554,1.130388330520878,0.1111111111111111,0.10223753589313747,34.13333333333333,15.156516750229917,0.5,0.07856742013183865,130.7684037807066,0.4166666666666667,1.0,0.2206891562893467,6.0,0.964756140975436,0.199933865817,0.3235472119090664,3.8405639000000003,1.8090166741127538,0.4367337819883019,0.3137518091991995,0.14865839200000003,0.286120338952565,-0.020783,0.11007069989214875,0.03671435330473858,0.03576572075891058,0.6981132075471698,0.4869549040526563,0.18573871731089328,0.5660377358490566,0.5003627131416443,0.2641509433962264,0.4450990985692623,0.7533333333333333,7.0,0.14504150108516195,4.0,8.0,0.08,0.1509433962264151,1.6,0.5477225575051661,1.1428571428571428,0.37796447300922725,100.0,0.0,0.0,2.0,0.026868686868686868,1.0,53.0,3.0,100.0,98.0,0.684399679283535,35.509371215897346,,0.35714285714285715,0.1628204570343064,0.5266666666666667,3.0,0.25180827509716075,7.0,0.9924109272685413,0.02293748045893184,0.4900000000000001,2.0,0.12866839377079187,1.0,3.8613468999999996,1.774295378730735,130.7684037807066,0.0,0.7683587891978776,0.3317304235041802,,-0.005584205488514352,2.841603959985792,1.4251752266890776,0.02985868667319834,0.03663436710469559,0.9056603773584906,1.8867924528301887,0.5471698113207547,0.29,0.213236842699394,0.2692000961080137,2.823529411764706,1.4245742398014511,0.19706908487134,0.12184758058765026,0.3125,0.1316585902058806,0.4592783505154639,0.11063938237347568,0.6993198520771087,0.5410739305451843,0.01,0.040628899958121856,6.189269656116578,1.7368432417559185e-05,0.0075890727314587,2.738219305776263,0.509485993318525,0.5766666666666667,5.0,0.14058958744788116,2.0,44751.0,48.0,GaussianNB,expected_error_reduction,0.5801847187237616
0,0.05679325852349723,0.06718738911570404,1.34292401543644,0.3441240095433653,1.8518518518518519,0.6666666666666667,6.0,0.26246692913372704,7.0,0.9910760598382222,0.024390243902438935,0.9962880681976286,,0.0,1.087429754639228,0.026936912695833874,0.027331021860612516,0.9910760598382222,0.6085192697768762,6.273148148148148,1.956033779128276,0.503813844981775,0.04372757452403113,0.14386564056420326,0.12655389880371726,0.08672557736751202,0.10862182050559344,0.8721174004192872,0.6925739299391587,1.4891887786557838,0.63,5.0,0.250653466949546,6.0,28.30666373744654,0.9768193812087343,0.02763996313497475,0.0019166889045463568,,0.0,,0.8333333333333334,,0.0,,0.5,0.07856742013183865,,,2.3746870984010164,,,0.7730241186255287,0.26300187912429274,3.1793981481481484,1.0413790221299617,0.54,11.097992532777148,0.5184885417699999,0.46949759530230284,2.2989879640265554,0.34549173981443104,10.51953822171921,10.251155630372248,0.011151465151954754,,0.01851851851851849,,0.07407407407407407,,9.0,3.5555555555555554,1.130388330520878,0.1111111111111111,0.10269015283712424,34.13333333333333,15.156516750229917,0.5,0.07856742013183865,133.95121546623392,0.44666666666666666,1.0,0.18338383142913564,3.0,0.9660493827160493,0.20027063707266,0.3219134246761121,3.8405639000000003,1.8090166741127538,0.4348303882477778,0.31167266024265244,0.1486619276,0.2869878446575504,-0.020783,0.11007069989214875,0.03501211124810657,0.03212382072604569,0.7037037037037037,0.4887000850692765,0.18395810945659002,0.5740740740740741,0.49912572061109167,0.2962962962962963,0.46091089588801,0.76,7.0,0.20110804171997812,4.0,8.0,0.08,0.14814814814814814,1.6,0.5477225575051661,1.0,0.0,100.0,0.0,0.0,2.0,0.026262626262626262,1.0,54.0,2.0,100.0,98.0,0.6869615765973234,37.35598504529099,,0.35714285714285715,0.16217429985669568,0.47333333333333333,2.0,0.2448481514815879,5.0,0.9925899148329627,0.02067143670873558,0.5433333333333332,3.0,0.1286683937707919,1.0,3.8613468999999996,1.774295378730735,133.95121546623392,0.0,0.7647714824191081,0.3298277934788854,,-0.004964016066410559,2.8474114605290475,1.427891698761049,0.02946648607220729,0.036645228276067116,0.9444444444444444,1.8518518518518519,0.5370370370370371,0.29,0.21408238085529413,0.2676308420348545,2.823529411764706,1.4245742398014511,0.19706908487134,0.12184758058765026,0.3125,0.1316585902058806,0.4592783505154639,0.1098694124825304,0.6925739299391587,0.5347139516415033,0.01,0.03834980766578212,6.302595985848105,1.6644747733494217e-05,0.007410085167037337,2.72468135316659,0.5088531493731124,0.6299999999999999,4.0,0.1355828752069476,2.0,44751.0,49.0,GaussianNB,margin_sampling,0.5826307617823335
0,0.053578886361956,0.04036124919727177,1.3512620878459831,0.34147245725129477,1.8181818181818181,0.7733333333333332,7.0,0.17412922688141985,4.0,0.9882836109919163,0.03188028627195838,0.9963413835694753,,0.0,1.0598612185420273,0.026374318482451663,0.026687607961844825,0.9882836109919163,0.6093117408906883,6.461363636363636,2.008130209194395,0.5018867192720072,0.052880390139824075,0.14323593990723824,0.12629151851388035,0.08536781667481468,0.10693845413256788,0.8747474747474747,0.6835299261704232,1.466301481234509,0.72,6.0,0.210935599557054,7.0,28.652916994707823,0.97760661883882,0.02738629523945951,0.0018813144867803082,,0.0,,0.8181818181818182,,0.0,,0.5,0.08999540851465149,,,2.3129037538762285,,,0.7679442120642648,0.26693445148627787,3.264772727272727,1.0841318929352928,0.55,11.008128051771472,0.5253812542399999,0.4743591475852026,2.3050541456332314,0.3439094321862365,10.706610781213014,10.491706059766338,0.01044949488516822,,0.018181818181818188,,0.036363636363636376,,9.0,3.5555555555555554,1.130388330520878,0.1111111111111111,0.10580054697027934,34.13333333333333,15.156516750229917,0.5,0.07856742013183865,135.91414223667314,0.5466666666666666,3.0,0.18135294011647257,5.0,0.9662809917355372,0.20117977198871997,0.3167255812817081,3.8405639000000003,1.8090166741127538,0.4340841581887273,0.3127422314201423,0.14991028820000002,0.2855964156536951,-0.020783,0.11007069989214875,0.03449155320466854,0.032162571678322434,0.6727272727272727,0.49011524211696395,0.1825642903560439,0.5454545454545454,0.502518907629606,0.3090909090909091,0.46637797708341405,0.71,5.0,0.17072828748672012,2.0,8.0,0.08,0.14545454545454545,1.6,0.5477225575051661,1.0,0.0,100.0,0.0,0.0,2.0,0.026262626262626262,1.0,55.0,3.0,100.0,98.0,0.6850259985526486,38.176608830218925,,0.35587188612099646,0.1604552056511144,0.44333333333333336,1.0,0.18662036462783785,6.0,0.9926961526131364,0.023372454119064856,0.5133333333333333,2.0,0.09189365834726813,1.0,3.8613468999999996,1.774295378730735,135.91414223667314,0.0,0.7599464631034762,0.3272340455894964,,-0.006879838357130125,2.8629336203658897,1.4490858228210015,0.028443243481099306,0.035306469665684945,0.9454545454545454,1.8181818181818181,0.5272727272727272,0.29,0.20889251457818175,0.2693319555929326,2.823529411764706,1.4245742398014511,0.19706908487134,0.12184758058765026,0.3125,0.1316585902058806,0.45854444956241364,0.1089379014577738,0.6835299261704229,0.527182464797947,0.01,0.03868019360424616,6.425006572156647,1.6107820387252472e-05,0.007303847386863629,2.7100993351937497,0.506956780302941,0.6166666666666667,4.0,0.17373884190124322,3.0,44751.0,50.0,GaussianNB,expected_error_reduction,0.5801847187237616
0,0.04339417926993437,0.04100230997120226,1.3434262353829889,0.3437375954812791,1.7857142857142858,0.7066666666666667,5.5,0.24983945462320348,5.0,0.9852281360342515,0.039999999999999813,0.9963913641396368,,0.0,1.1220075272921988,0.026624449732943235,0.02725376067015068,0.9852281360342515,0.6138814016172507,6.650669642857143,2.082624845710523,0.49954284640983804,0.060289082300719374,0.1426394258690837,0.1259865157176126,0.08814055369920722,0.10940808970744206,0.8766233766233766,0.7046356723782133,1.505233709837036,0.7066666666666667,5.5,0.2619018758859749,6.0,28.55695488295471,0.9767770891611199,0.027930749763483084,0.0018472372839019105,,0.0,,0.8035714285714286,,0.0,,0.5,0.10101525445522107,,,2.398349291623439,,,0.7964741560399179,0.2971632905572072,3.345982142857143,1.1486908485682368,0.56,11.155750160558384,0.53023530721,0.47698552001961686,2.294153909443183,0.3446009658392365,11.080743341771422,10.777619545123546,0.01124637702002218,,0.017857142857142905,,0.017857142857142905,,9.0,3.5555555555555554,1.130388330520878,0.1111111111111111,0.10890580037816659,34.13333333333333,15.156516750229917,0.5,0.07856742013183865,137.80696447954028,0.4533333333333333,3.0,0.27941738327110943,7.0,0.9665178571428571,0.19981949375346,0.3173500107768405,3.9392899000000003,1.807636620229558,0.4387489561139286,0.31645226888334793,0.1482758441,0.2864100914385638,-0.020783,0.11007069989214875,0.03450046197405739,0.03276664891548323,0.6964285714285714,0.4891690801265924,0.18003655513142064,0.5535714285714286,0.5016207497934836,0.3392857142857143,0.4777517694857375,0.7166666666666667,7.0,0.1672212993699157,1.0,8.0,0.08,0.14285714285714285,1.6,0.5477225575051661,1.0,0.0,100.0,0.0,0.0,2.0,0.02585858585858586,1.0,56.0,3.0,100.0,98.0,0.6829081047004717,37.939369460999615,,0.3584229390681004,0.16016581037466227,0.4333333333333334,2.0,0.2114033065604494,4.0,0.9927957505320463,0.028821940805194044,0.37333333333333335,1.0,0.2101146071746278,3.0,3.9600729,1.7717188881669308,137.80696447954028,0.0,0.7732729656769757,0.32827155691922144,,-0.00787635588704555,2.9034529010870336,1.470563827947932,0.027935076143983856,0.0345922572926694,0.9464285714285714,1.7857142857142858,0.5357142857142857,0.3,0.21041040538470593,0.2702614960773942,2.823529411764706,1.4245742398014511,0.19706908487134,0.12184758058765026,0.3125,0.1316585902058806,0.46001090257768085,0.10796975586606845,0.7046356723782133,0.5404457531115247,0.009999999999999998,0.0390065509401322,6.271964087223476,1.5604451000150828e-05,0.0072042494679537316,2.6854698164836353,0.5076456402500128,0.6233333333333333,4.0,0.17430638556685957,2.0,44751.0,51.0,GaussianNB,expected_error_reduction,0.5801847187237616
0,0.044792467272492205,0.049213056869291706,1.3447418381806997,0.3438312492814059,1.7543859649122806,0.7333333333333333,7.0,0.18724777273725243,4.0,0.9819407868640977,0.04864864864864871,0.9964383133006521,,0.0,1.1627427469805556,0.025352302170630593,0.026635651197187228,0.9819407868640977,0.5909090909090908,6.805921052631579,2.1046138134878505,0.4970632517034311,0.06816749726939332,0.14172634720492253,0.1253046361211935,0.08729338488527343,0.1078287411917182,0.8659147869674185,0.7004842610848884,1.4858434994245582,0.69,6.0,0.16409121221420095,2.0,30.012641898252667,0.9764956323201041,0.02818894226844638,0.0018143859224672174,,0.0,,0.8070175438596491,,0.0,,0.5,0.11164843913471806,,,2.4176070119842126,,,0.7417521817611179,0.2757890596405921,3.4133771929824563,1.184692074144999,0.57,11.125032470889021,0.53180970568,0.4780995293203868,2.293965052556743,0.345102653469683,11.278795867840044,10.807647162885276,0.01119396750225743,,0.01754385964912286,,0.08771929824561409,,9.0,3.5555555555555554,1.130388330520878,0.1111111111111111,0.10707504926082195,34.13333333333333,15.156516750229917,0.5,0.07856742013183865,139.63337190690842,0.47000000000000003,1.0,0.24618070247605706,7.0,0.9658356417359187,0.1995593669874,0.31901503647780327,3.9537459,1.7908729050895908,0.43844606697157895,0.3164660051420627,0.14770000000000003,0.28826663582394085,-0.020783,0.11007069989214875,0.03271757248805431,0.031683977743229445,0.7017543859649122,0.490262716713838,0.1781032569959099,0.5614035087719298,0.5006261743217589,0.38596491228070173,0.49114974312875154,0.6833333333333333,5.0,0.1557538418764021,1.0,8.0,0.08,0.14035087719298245,1.6,0.5477225575051661,1.0,0.0,100.0,0.0,0.0,2.0,0.025656565656565655,1.0,57.0,3.0,100.0,98.0,0.6806294878916634,40.10151627758097,,0.35842293906810035,0.1596671770820341,0.47666666666666674,2.0,0.23256487213912252,6.0,0.9928893122134486,0.03011414058886141,0.6233333333333334,4.0,0.1892480245995049,5.0,3.9745288999999997,1.754439079165999,139.63337190690842,0.0,0.7721798654893368,0.32446150635914617,,-0.008209897483035527,2.9263182842267694,1.466868675507603,0.027493639977454968,0.03439068344236668,0.9473684210526315,1.7543859649122806,0.5263157894736842,0.3,0.2118457493737143,0.272345094975914,2.823529411764706,1.4245742398014511,0.19706908487134,0.12184758058765026,0.3125,0.1316585902058806,0.46001090257768085,0.10743684468625217,0.7004842610848883,0.532210998810907,0.01,0.038095904318525955,6.204861938415243,1.5131588848631108e-05,0.007110687786551442,2.667357194850618,0.5037476885574098,0.6233333333333333,3.0,0.1721684503869451,3.0,44751.0,52.0,GaussianNB,expected_error_reduction,0.5801847187237616
0,0.04799815226649286,0.04708813059974365,1.3460876507597785,0.34536994691304357,1.7241379310344827,0.69,6.0,0.1531963961797703,4.0,0.9784493292686188,0.05773672055427248,0.9964824987256597,,0.0,1.141276092946625,0.024443368869444763,0.026068652336361093,0.9784493292686188,0.6021739130434782,7.012931034482759,2.1731912542655913,0.49460047290856973,0.07628741889664395,0.14098993879148433,0.12490984782884891,0.08588005863044026,0.10606602250882785,0.868118572292801,0.6930642737949735,1.4625455160332683,0.7433333333333334,7.0,0.15873730142659453,5.0,30.9825274019898,0.9773090121184841,0.02794537234179454,0.001782694314310005,,0.0,,0.8103448275862069,,0.0,,0.5,0.12191496227354263,,,2.3681733738977075,,,0.7394905804328615,0.2709956583716453,3.4989224137931036,1.2412242039923842,0.58,11.057004134889134,0.53037457026,0.4775177118354541,2.2929562985503016,0.3467783994307213,11.439372140979758,11.031022346086033,0.010173566878592943,,0.017241379310344862,,0.15517241379310343,,9.0,3.5555555555555554,1.130388330520878,0.1111111111111111,0.11009910379694261,34.13333333333333,15.156516750229917,0.5,0.07856742013183865,141.3967997678434,0.4833333333333333,2.0,0.13170299545699662,2.0,0.9664090368608799,0.20158629987089996,0.31265309355553333,3.9537459,1.7908729050895908,0.4375642615755172,0.318278319490889,0.15160256149999998,0.29224248163039085,-0.020783,0.11007069989214875,0.03158068147809593,0.03105642213853115,0.6896551724137931,0.4905282862364054,0.1765335943989155,0.5517241379310345,0.5016608833298435,0.3275862068965517,0.4734320764739994,0.6866666666666666,5.0,0.13806421837341395,3.0,8.0,0.08,0.13793103448275862,1.6,0.5477225575051661,1.1428571428571428,0.37796447300922725,100.0,0.0,0.0,2.0,0.025252525252525252,1.0,58.0,3.0,100.0,98.0,0.6782093939033127,41.62376832157383,,0.35842293906810035,0.15937594328884852,0.47000000000000003,1.0,0.2773107184511649,7.0,0.9929773702665344,0.03168498087727817,0.57,3.0,0.07769837216465371,1.0,3.9745288999999997,1.754439079165999,141.3967997678434,0.0,0.7680584964363162,0.32278838777093,,-0.00942768967589519,2.9401348005287247,1.4845468418194872,0.027175899156564154,0.03446620449825501,0.9482758620689655,1.7241379310344827,0.5344827586206896,0.31,0.21476897283555554,0.2746455486391225,2.823529411764706,1.4245742398014511,0.19706908487134,0.12184758058765026,0.3125,0.1316585902058806,0.46001090257768085,0.10693928416243842,0.6930642737949733,0.5260495215262856,0.01,0.03960647412177146,6.3011251356973625,1.4686542117789016e-05,0.007022629733465573,2.6518284961679233,0.5042730282485673,0.6166666666666666,4.0,0.1649915822768611,6.0,44751.0,53.0,GaussianNB,margin_sampling,0.573965775943406
0,0.037624822834433386,0.03218684525586904,1.3427174304114964,0.34567011636271006,1.694915254237288,0.61,6.0,0.2606023412153344,7.0,0.9831491282282877,0.0454800673778778,0.9965651202133264,,0.0,1.1109180850601137,0.02319822042022838,0.025255134426920747,0.9831491282282877,0.6028921023359288,7.188559322033898,2.208671912509841,0.49779080599194114,0.06599285332471415,0.14054173290419383,0.1246240605009693,0.08468467012283266,0.10434887997132737,0.8725891291642315,0.6854875491272092,1.440532457092981,0.5966666666666667,4.0,0.2476805987806588,6.0,33.0461763878187,0.9783712128855174,0.025930325218396645,0.0017497727074244154,,0.0,,0.8135593220338984,,0.0,,0.5,0.10786374628269371,,,2.2969020491277257,,,0.7406004206185357,0.2786049963022992,3.6091101694915255,1.2381492778357315,0.59,10.993535563725718,0.53202861124,0.47770515164814886,2.2961157906026473,0.3466551783126296,11.606197568966513,11.259459611883612,0.010653250584881646,,0.016949152542372836,,0.06779661016949157,,10.0,3.8,1.2292725943057181,0.1,0.10120724249676678,42.93333333333334,19.360644821421484,0.5,0.0,144.81593196565598,0.44000000000000006,1.0,0.19296260752082142,4.0,0.967825337546682,0.2007462639,0.30496350086735985,3.9544499,1.7899780323461536,0.4368603763962712,0.3178676045938374,0.15195706,0.2928012477825644,-0.020783,0.11007069989214875,0.029750768037136388,0.029634404987378953,0.6949152542372882,0.4903264198899403,0.17479486210704923,0.576271186440678,0.49839016119517676,0.3389830508474576,0.4774273547023862,0.7633333333333333,7.0,0.11488050689389187,1.0,9.0,0.09,0.15254237288135594,1.8,0.44721359549995804,1.0,0.0,100.0,0.0,0.0,2.0,0.024444444444444446,1.0,59.0,2.0,100.0,98.0,0.6814670463014058,44.13219385581743,,0.3584229390681003,0.16007552752369844,0.4866666666666667,2.0,0.22344110169332307,5.0,0.9931420388258018,0.0311028085031312,0.49000000000000005,3.0,0.16028523957211827,2.0,3.9752329,1.7535171851334028,144.81593196565598,0.0,0.7641175364576082,0.3203721630128004,,-0.009356084232917757,2.953521899900372,1.5022219611726289,0.026545971358125378,0.0340641186239332,0.9491525423728814,1.694915254237288,0.5254237288135594,0.31,0.2175666832454054,0.275233326018627,3.0526315789473686,1.5082618476808296,0.19825712630196757,0.11291388205586965,0.2875,0.14037400439935846,0.46001090257768085,0.10704366915759654,0.6854875491272092,0.5189754550459195,0.009999999999999998,0.03667083510814862,6.4674012909040055,1.4099080433077457e-05,0.0068579611741982375,2.639470068056345,0.5026984729751474,0.6099999999999999,5.0,0.17571722513708365,3.0,44751.0,54.0,GaussianNB,margin_sampling,0.5732704965466134
0,0.05138150857338389,0.03386646579907129,1.3455241906719337,0.34435366595377154,1.6666666666666667,0.6,4.0,0.16101529717988264,3.0,0.9798687566511527,0.05405405405405406,0.9966067755088459,,0.0,1.0788442102782403,0.023189882211161424,0.02526170754970401,0.9798687566511527,0.6,7.351041666666666,2.24396234615163,0.49554207216700347,0.07345280650126686,0.13984837375220607,0.12431853147087749,0.08387630230813138,0.10361446470636479,0.8751412429378531,0.6832328997535033,1.4307688865282528,0.65,6.0,0.1657381543352922,4.0,32.97005311789611,0.9792805994660653,0.025667245185720076,0.0017202375473808062,,0.0,,0.8,,0.0,,0.5,0.11785113019775793,,,2.2467014330182704,,,0.7338697297374277,0.28143948901302207,3.6802083333333333,1.28451251978667,0.6,10.970531146619916,0.52814769327,0.4753766941989199,2.29567298438741,0.3457683763375964,11.764794912479129,11.448695937110296,0.010444755627821878,,0.01666666666666672,,0.08333333333333337,,10.0,3.8,1.2292725943057181,0.1,0.10393492741038726,42.93333333333334,19.360644821421484,0.5,0.0,146.60289191623463,0.4333333333333334,1.0,0.2249828525701843,6.0,0.9677777777777777,0.20148431997120003,0.3065512290857737,3.9544499,1.7899780323461536,0.43444705277299994,0.31630182535104767,0.15055077399999997,0.2873096659538162,-0.0209557,0.11067242852155448,0.029719962935676345,0.02935185156418631,0.6666666666666666,0.48805796729325557,0.17375689695965046,0.55,0.501692052213544,0.2833333333333333,0.4544196025054849,0.7166666666666666,7.0,0.15811388300841897,2.0,9.0,0.09,0.15,1.8,0.44721359549995804,1.125,0.3535533905932738,100.0,0.0,0.0,2.0,0.024242424242424242,1.0,60.0,2.0,100.0,98.0,0.6791932659915256,44.273414155464636,,0.35714285714285715,0.16076334803263,0.4666666666666667,3.0,0.23306863292670035,7.0,0.9932250649901392,0.03397962705169337,0.4666666666666666,2.0,0.1314684396244359,1.0,3.9754055999999998,1.7532246456578404,146.60289191623463,0.0,0.7623044121688491,0.3211797742940309,,-0.01044415744031138,2.9698773341149094,1.5155947459357497,0.026235339559516433,0.03382435584090501,0.95,1.6666666666666667,0.5166666666666667,0.31,0.2088919412522222,0.2712106589043103,3.0526315789473686,1.5082618476808298,0.19825712630196757,0.11291388205586965,0.2875,0.14037400439935846,0.4592783505154639,0.10738431702585507,0.6832328997535037,0.5198051136304166,0.01,0.037622594969256906,6.603861425590113,1.3696249563560957e-05,0.006774935009860815,2.632151886081135,0.5008795778081122,0.6166666666666666,5.0,0.17655831757856338,5.0,44751.0,55.0,GaussianNB,expected_error_reduction,0.5732704965466134
0,0.05528172316535889,0.04597857575923439,1.3555508863684869,0.3375144514043101,1.639344262295082,0.7047619047619048,6.0,0.1048099937728202,1.0,0.9764143081154868,0.06298802706923468,0.996646115022674,,0.0,1.04062927510698,0.02214911935300533,0.02441658887600741,0.9764143081154868,0.6034953577280175,7.560450819672131,2.31135859255424,0.4931275972801547,0.08106715463786388,0.13944182521417514,0.12409041680266521,0.08283492094897581,0.10250752631146684,0.8775956284153006,0.6765989503083298,1.4156321355198476,0.7404761904761905,7.0,0.12868405805569716,4.0,34.21797677313026,0.9800969701420886,0.02531839947033396,0.001691692138384353,,0.0,,0.8032786885245902,,0.0,,0.5,0.12751105890249215,,,2.1837873695412773,,,0.724724116052881,0.28708044115909837,3.771516393442623,1.3456568469438173,0.61,10.905234623173527,0.52766721968,0.48323579941940054,2.303430067623924,0.3412537403723742,11.955533268373095,11.652869248805983,0.010259926547401932,,0.016393442622950838,,0.09836065573770492,,10.0,3.8,1.2292725943057181,0.09999999999999999,0.10207030088460167,42.93333333333334,19.360644821421484,0.5,0.0,148.33126301592773,0.4738095238095238,1.5,0.13536341909104221,5.0,0.9677506046761624,0.20053508235599998,0.3036428844648554,3.9544499,1.7899780323461536,0.43366342879639336,0.3186720788231186,0.15155016,0.2920817766177068,-0.0209557,0.11067242852155448,0.028535126860049137,0.02868071213627529,0.6885245901639344,0.48769086929356287,0.17209311703971367,0.5409836065573771,0.5024529991884242,0.3442622950819672,0.4790701375804084,0.7023809523809523,5.0,0.15562437738990142,6.0,9.0,0.09,0.14754098360655737,1.8,0.44721359549995804,1.0,0.0,100.0,0.0,0.0,2.0,0.024242424242424242,1.0,61.0,2.0,100.0,98.0,0.6767988247286394,46.504638511572146,,0.3546099290780142,0.1597076155335112,0.4738095238095238,1.5,0.26020371111381146,7.0,0.9933034785897891,0.03581994164715193,0.5571428571428572,3.0,0.11122443200860221,2.0,3.9754055999999998,1.7532246456578404,148.33126301592773,0.0,0.7582487821218244,0.320444348560469,,-0.01188099661165372,2.9870158981769883,1.5312645118697483,0.02537429210716726,0.033034373193699215,0.9508196721311475,1.639344262295082,0.5081967213114754,0.31,0.21165349935351352,0.27411755736413007,3.0526315789473686,1.5082618476808296,0.19825712630196757,0.11291388205586965,0.2875,0.14037400439935846,0.45780928424422596,0.10726919701157035,0.6765989503083297,0.516996048195761,0.01,0.03695572921613629,6.761571493234441,1.3315798186795376e-05,0.006696521410210932,2.6161729268061458,0.5024082559072381,0.6214285714285713,4.0,0.11580232677441919,3.0,44751.0,56.0,GaussianNB,margin_sampling,0.5753073324742801
0,0.04720994894026777,0.036025318766165056,1.344955040402133,0.3417188992719691,1.6129032258064515,0.6119047619047618,6.0,0.13975917810992305,2.0,0.9811522341999134,0.05070993914807309,0.9967223687350487,,0.0,1.153943169182195,0.02348428502835864,0.025191112841083163,0.9811522341999134,0.6079913606911447,7.691532258064516,2.330742483315676,0.4958238734320001,0.07154266213378059,0.13895500027738714,0.12395843163815257,0.08225160655716705,0.10157409581368419,0.8799576943416182,0.67328226533277,1.4038125995494948,0.6095238095238095,5.0,0.17965281037359887,5.0,32.82004438277733,0.9790333492647258,0.02606083880335803,0.0016620366858723418,,0.0,,0.8064516129032258,,0.0,,0.5,0.11404948083653994,,,2.265694774812568,,,0.7339624647148904,0.28354012623503294,3.8528225806451615,1.327278082148051,0.62,10.904111925531927,0.53464310367,0.48961370903163687,2.296212365784837,0.3438321988505646,12.097201644927024,11.907020844448903,0.009904960569002141,,0.016129032258064502,,0.06451612903225812,,10.0,3.8,1.2292725943057181,0.1,0.1005246958496365,42.93333333333334,19.360644821421484,0.5,0.0,151.7996020279389,0.4666666666666666,2.0,0.1568138290187742,4.0,0.967741935483871,0.20156158122240003,0.3014816393829915,3.9574648999999997,1.7894474470502162,0.43447632744483866,0.3221434278847988,0.153377566,0.2967490030891379,-0.0209557,0.11067242852155448,0.029894908817209992,0.029572942191757375,0.6774193548387096,0.48781135210742643,0.1706357455002916,0.532258064516129,0.5030315290279451,0.3387096774193548,0.4771344927450827,0.7404761904761904,7.0,0.08654069570497767,1.0,9.0,0.09,0.14516129032258066,1.8,0.44721359549995804,1.0,0.0,100.0,0.0,0.0,2.0,0.023636363636363636,1.0,62.0,1.0,100.0,98.0,0.6800829048357611,43.98943444269231,,0.35714285714285715,0.1605610920221801,0.4619047619047619,1.0,0.23116910139366253,7.0,0.9934554803368064,0.030402957531485586,0.5071428571428571,3.0,0.15473137672042778,3.0,3.9784205999999993,1.7526465212218783,151.7996020279389,0.0,0.7565253844324309,0.31932948697963953,,-0.009077373860433164,2.994515779806867,1.5576065695260195,0.025068355752646723,0.03276917295939213,0.9516129032258065,1.6129032258064515,0.5,0.31,0.21534033292315793,0.27877416685947876,3.0526315789473686,1.5082618476808298,0.19825712630196757,0.11291388205586965,0.2875,0.14037400439935846,0.4592783505154639,0.10692590537753768,0.6732822653327699,0.512480119355746,0.01,0.036477198569745885,6.5096423950058835,1.280365210268786e-05,0.006544519663193584,2.611267979668057,0.498932321259573,0.6071428571428571,4.0,0.1851946331679053,6.0,44751.0,57.0,GaussianNB,margin_sampling,0.5729047453185384
0,0.04380778047052689,0.03305613564758686,1.3460650023231653,0.34332300249934367,1.5873015873015872,0.6357142857142858,4.0,0.12897741115231592,1.0,0.9778956822310351,0.059168704156479346,0.996759577512803,,0.0,1.1309111135921301,0.02195734547608072,0.02423658749004835,0.9778956822310351,0.6126461211477152,7.828373015873016,2.3449652294145724,0.49355858508704226,0.07843402280963167,0.13793735924838274,0.12327326725685604,0.08147076605319215,0.10115149711712303,0.8822324628776241,0.6709839916605966,1.397050652273677,0.7190476190476189,7.0,0.16373075502511275,4.0,35.18897722084106,0.9795559524298061,0.026072469880859806,0.001635339766625876,,0.0,,0.8095238095238095,,0.0,,0.5,0.12346308877860357,,,2.226870887777643,,,0.7428067534565894,0.27431287900382373,3.9126984126984126,1.363290485516812,0.63,10.882623165764238,0.5330577845,0.4912514458601559,2.2961708549125515,0.3456217576809502,12.167617672114929,12.054938295163156,0.011353846905089893,,0.015873015873015928,,0.1428571428571429,,10.0,3.8,1.2292725943057181,0.1,0.09871660420631448,42.93333333333334,19.360644821421484,0.5,0.0,153.55127295060987,0.47142857142857136,2.0,0.2131953446397564,6.0,0.9682539682539683,0.20180399225280002,0.3073989767883174,3.9574648999999997,1.7894474470502162,0.4341655308663492,0.3244070630504033,0.152361612,0.29772826339262715,-0.0209557,0.11067242852155448,0.027789829641648847,0.028100676716950757,0.6825396825396826,0.4875801430371152,0.169303345990773,0.5396825396825397,0.5024262688772971,0.23809523809523808,0.42933879074109177,0.6785714285714286,6.0,0.14074720516641429,2.0,9.0,0.09,0.14285714285714285,1.8,0.44721359549995804,1.0,0.0,100.0,0.0,0.0,2.0,0.023434343434343433,1.0,63.0,1.0,100.0,98.0,0.6778256350201861,47.437324722056104,,0.35714285714285715,0.16037155542368978,0.469047619047619,1.0,0.2335680711051023,7.0,0.9935296553635015,0.03358759408963936,0.4809523809523809,3.0,0.17416973618216128,5.0,3.9784205999999993,1.7526465212218783,153.55127295060987,0.0,0.7547894644318306,0.319843484518911,,-0.010430705753190156,2.9982365896513703,1.5640858375167435,0.024867609100660402,0.03284106767448126,0.9523809523809523,1.5873015873015872,0.5079365079365079,0.32,0.2163658570276923,0.2799560317089185,3.0526315789473686,1.5082618476808298,0.19825712630196757,0.11291388205586965,0.2875,0.14037400439935846,0.4592783505154639,0.10628912399922114,0.6709839916605966,0.5148262964221815,0.009999999999999998,0.036639174294969525,6.617921391042217,1.2457607451263863e-05,0.006470344636498541,2.60764215077253,0.49457362860260046,0.6666666666666667,5.0,0.15141892085983263,3.0,44751.0,58.0,GaussianNB,margin_sampling,0.5753073324742801
0,0.04797272756737102,0.03614694227545595,1.3465325816886706,0.3451852136006136,1.5625,0.5428571428571428,3.0,0.18874878090406033,4.0,0.9823166080205502,0.047664442326024736,0.9968301749655504,,0.0,1.051880619954381,0.02136920437167279,0.024255337838603404,0.9823166080205502,0.5920502092050209,7.927734375,2.348021075286608,0.49651707066095413,0.06944596733999558,0.1371000565074434,0.12246723712725624,0.08079623149105047,0.10041216889882337,0.8715277777777778,0.6702656868004544,1.3891411286143753,0.5571428571428572,4.0,0.21827561220241284,6.0,37.0983472071327,0.9806743043908842,0.024483372891591325,0.0016076680985745442,,0.0,,0.8125,,0.0,,0.5,0.11048543456039805,,,2.124394731029443,,,0.7413852215216783,0.2746048254553479,3.9794921875,1.3360883315484424,0.64,10.89750901954315,0.53503739225,0.49067426816850257,2.3023704734867447,0.34836758884314134,12.25481053006027,12.274480250626262,0.011029874056515232,,0.015625,,0.078125,,10.0,3.8,1.2292725943057181,0.1,0.0960933971312401,42.93333333333334,19.360644821421484,0.5,0.0,156.98780966886196,0.46904761904761905,2.0,0.10228554678634075,1.0,0.96923828125,0.20031021582095998,0.30782931393138285,3.9574648999999997,1.7894474470502162,0.43387620882156247,0.3262138440869897,0.15062762959999998,0.29540213814043637,-0.0209557,0.11067242852155448,0.026478716222475954,0.027895222335625008,0.703125,0.48837928601524205,0.16801580151699683,0.546875,0.5017331074496789,0.203125,0.4055052697678833,0.6833333333333333,7.0,0.17960021110139152,3.0,9.0,0.09,0.140625,1.8,0.44721359549995804,1.0,0.0,100.0,0.0,0.0,2.0,0.022626262626262626,1.0,64.0,1.0,100.0,98.0,0.6808899872666533,49.85339373612426,,0.35714285714285715,0.16059234276152595,0.45714285714285713,1.0,0.2152535462918835,5.0,0.9936703977218497,0.031038559941706415,0.619047619047619,5.0,0.1467717619754518,2.0,3.9784205999999993,1.7526465212218783,156.98780966886196,0.0,0.7538392054358661,0.32097096874333836,,-0.01009315994101,3.002753526809098,1.5792912974943163,0.024757944731227863,0.03292449624166732,0.953125,1.5625,0.5,0.32,0.217042555602,0.279742626791023,3.0526315789473686,1.5082618476808298,0.19825712630196757,0.11291388205586965,0.2875,0.14037400439935846,0.4592783505154639,0.10621051327583984,0.6702656868004544,0.5185106513455482,0.010000000000000002,0.0356711169488594,6.961979632288965,1.1996214582698536e-05,0.006329602278150271,2.6066563102214304,0.48952543636711493,0.6214285714285714,6.0,0.22064348504560768,7.0,44751.0,59.0,GaussianNB,margin_sampling,0.5787944807552651
0,0.055174429311336155,0.044242331024954985,1.5835489791155566,0.4654933997842777,1.5384615384615385,0.6166666666666667,5.0,0.10375295774514921,2.0,0.9792415350396867,0.05568338702254938,0.9968654216090415,,0.0,1.0087164093749237,0.01971152166693054,0.020838966897804997,0.9792415350396867,0.600997506234414,8.074038461538462,2.3768019045388433,0.494451532425851,0.07617519105029079,0.1367667620135013,0.12209166833890886,0.08021477508862393,0.09952258020378521,0.8740384615384615,0.6667821939575542,1.3784550480364441,0.6642857142857143,6.0,0.1849223380260833,6.0,29.255778925830086,0.981447875136178,0.023896651129772767,0.0015826455011605602,,0.0,,0.8153846153846154,,0.0,,0.5,0.11966422450849266,,,2.0640963486309314,,,0.7410781538193012,0.2716769589729938,4.0375,1.3770204438331244,0.65,10.858380632002136,0.5310041799999999,0.49395811050407107,2.529318784090483,0.4663084300488606,12.391019242793256,12.419913557824554,0.011036973341433276,,0.01538461538461533,,0.03076923076923077,,10.0,3.8,1.2292725943057181,0.1,0.09655471991673195,42.93333333333334,19.360644821421484,0.5,0.14142135623730948,158.76147738652475,0.4738095238095238,2.0,0.17222405090097828,5.0,0.9699408284023668,0.19932393485171995,0.31405437561174987,3.9575759999999995,1.7892393147487073,0.4324371813935384,0.3282393586334405,0.1489254522,0.2968920504390302,-0.0209557,0.11067242852155448,0.033471730064760265,0.027451988978242182,0.6923076923076923,0.48980203572366215,0.16712217094201914,0.5384615384615384,0.5023980952928127,0.27692307692307694,0.4509605133660647,0.6714285714285715,7.0,0.15340265940761358,3.0,9.0,0.09,0.13846153846153847,1.8,0.44721359549995804,1.125,0.3535533905932738,100.0,0.0,0.0,2.0,0.022626262626262626,1.0,65.0,1.0,100.0,98.0,0.6787585090999517,46.31004271520312,,0.2857142857142857,0.1691319852864421,0.4333333333333334,1.0,0.21700218222392853,7.0,0.993740668799772,0.034080488816217655,0.5547619047619048,3.0,0.07533414269894784,1.0,3.9785316999999996,1.7524589456670865,158.76147738652475,0.0,0.7517238165136416,0.3205007093449642,,-0.011715126389174633,3.01738951422538,1.5855162189449041,0.024536867044076108,0.03273928487243052,0.9538461538461539,1.5384615384615385,0.49230769230769234,0.32,0.2098532510276923,0.2819015637929273,3.0526315789473686,1.5082618476808298,0.19825712630196757,0.11291388205586965,0.2875,0.14037400439935846,0.40832824641578547,0.12972084761018784,0.6667821939575539,0.5161618002150129,0.01,0.03659254397988601,7.150111427173292,1.1680524725259101e-05,0.006259331200228038,2.600757589074405,0.4882857481372669,0.611904761904762,4.0,0.1547313767204278,4.0,44751.0,60.0,GaussianNB,expected_error_reduction,0.5822786388518273
0,0.048896847884361376,0.02789001442279187,1.5788655190144811,0.4685698096235839,1.5151515151515151,0.5595238095238095,3.0,0.11514776292497546,2.0,0.976020648236615,0.06399999999999995,0.9968988595803869,,0.0,0.9998843110837907,0.019691243616265553,0.0201484182582776,0.976020648236615,0.6050664451827242,8.197916666666666,2.38750083903865,0.4921174241247725,0.08269495084402553,0.1358191347853977,0.12157816105098654,0.07927317005691774,0.09854823271215214,0.8764568764568764,0.6624213518940317,1.364322741354854,0.6261904761904762,5.0,0.2230850595951304,6.0,29.372560677502808,0.981771167725831,0.023439006614941044,0.0015583965271062257,,0.0,,0.8181818181818182,,0.0,,0.5,0.128564869306645,,,2.0375121491863113,,,0.7400050652734631,0.26858246840600997,4.082386363636363,1.411742865956977,0.66,10.821005520019895,0.53335977162,0.4935424753954731,2.5216571730563824,0.4683930233504277,12.43999807414043,12.59071733272665,0.01596317632107036,,0.015151515151515138,,0.06060606060606055,,12.0,4.0,1.2060453783110545,0.08333333333333333,0.09193634488135119,57.73333333333333,35.46648439233181,0.5,0.0,160.48139759768182,0.5142857142857142,2.0,0.15681382901877422,5.0,0.970615243342516,0.20138283985596,0.3179940312130975,3.9575759999999995,1.7892393147487073,0.4319860803678787,0.32584104213594234,0.14979200959999997,0.2960843883496612,-0.0209557,0.11067242852155448,0.033228994194713646,0.02657862739791308,0.696969696969697,0.49037028471768773,0.16589587800263883,0.5454545454545454,0.5017452060042544,0.18181818181818182,0.38865016537877745,0.6595238095238095,7.0,0.14375818138121307,4.0,11.0,0.11,0.16666666666666666,1.8333333333333333,0.9831920802501751,1.0,0.0,100.0,0.0,0.0,2.0,0.022424242424242423,1.0,66.0,1.0,100.0,98.0,0.6765259604934999,46.51469484037711,,0.28735632183908044,0.16848781191242138,0.45714285714285713,1.0,0.22442221663131362,7.0,0.993807336232676,0.03522140644656493,0.5928571428571429,4.0,0.05549883726046694,1.0,3.9785316999999996,1.7524589456670865,160.48139759768182,0.0,0.749535656504534,0.31880086486193204,,-0.012334867707534449,3.0193571448529264,1.5956006582856854,0.02411665512786863,0.03275098968575575,0.9545454545454546,1.5151515151515151,0.5,0.33,0.21162839234450004,0.27873513752154927,3.217391304347826,1.5361262299910134,0.16243770036499394,0.1235645877522243,0.2682291666666667,0.121731656184512,0.4097394903289331,0.12865071269820744,0.6624213518940316,0.5118337361642235,0.01,0.03321337050122406,7.222554370352565,1.1381024091278099e-05,0.0061926637673239675,2.5970486307802503,0.48449501989221033,0.6309523809523809,6.0,0.12101548160299132,3.0,44751.0,61.0,GaussianNB,expected_error_reduction,0.5787944807552651
0,0.04852456237049059,0.026604342513472892,1.58529411817873,0.4620442205029699,1.492537313432836,0.5523809523809524,3.0,0.09241858176514055,2.0,0.9726699911457106,0.07256333190210396,0.9969306246143379,,0.0,1.0113968840064995,0.019241746445355333,0.020234715359166742,0.9726699911457106,0.6004813477737665,8.24160447761194,2.4111310569455835,0.48984928799330674,0.0879107798838558,0.13506948381140696,0.11921308732009846,0.07977649170646368,0.09750248507048236,0.8765264586160109,0.6684263161796343,1.357962137207763,0.6904761904761905,6.0,0.1664775949476431,6.0,30.159844132672326,0.9815916042542561,0.023751504574668524,0.001534885369984737,,0.0,,0.8208955223880597,,0.0,,0.5,0.13719982321530022,,,2.047743732803563,,,0.7247695647140749,0.28014308188933756,4.086753731343284,1.4459036812589874,0.67,10.8679208533805,0.5304447208399999,0.4861625949389892,2.5257136113819794,0.4628310136501764,11.859783385579174,11.258919991400306,0.01569299483510589,,0.014925373134328401,,0.08955223880597019,,11.0,3.8181818181818183,1.0787197799411872,0.09090909090909091,0.09590746669432533,46.26666666666666,20.188533599270873,0.5,0.1928473039599675,162.14997690698922,0.49285714285714277,1.0,0.12091133745151209,4.0,0.9697037202049454,0.20128363968299998,0.328686618508722,3.9888299999999997,1.7828077085656804,0.43221634727283587,0.3198877586843405,0.147219935,0.29587978314985824,-0.0209557,0.11067242852155448,0.03225049794246158,0.026312640021601285,0.6716417910447762,0.4901575543678257,0.16466903676813574,0.5223880597014925,0.5032683769612477,0.3283582089552239,0.4731602234073838,0.7119047619047619,7.0,0.1006717172725497,3.0,10.0,0.1,0.14925373134328357,2.0,0.7071067811865476,1.0,0.0,100.0,0.0,0.0,2.0,0.020606060606060607,1.0,67.0,1.0,100.0,98.0,0.6742034619779163,48.155647798277975,,0.28653295128939826,0.16740571126918585,0.5023809523809523,2.0,0.18113677600105238,7.0,0.9938706702939339,0.039147487447544115,0.6,4.0,0.04600437062282361,1.0,4.0097857,1.745512883461422,162.14997690698922,0.0,0.755713747954772,0.3135380493910516,,-0.013186333287765244,2.9747468256384133,1.4944280199535946,0.02317020825114311,0.030960251160218798,0.9104477611940298,1.492537313432836,0.4925373134328358,0.33,0.20976402882390247,0.2735037195785439,3.0476190476190474,1.4309504001254019,0.19825712630196757,0.11291388205586965,0.2840909090909091,0.12139693533648577,0.40902981731295734,0.12789753638750737,0.6684263161796347,0.5071004820970962,0.01,0.03377131814770278,7.217271317126342,1.1096498488996145e-05,0.006129329706066055,2.606636607929422,0.4787230044911758,0.6428571428571429,5.0,0.13928514900622416,5.0,44751.0,62.0,GaussianNB,margin_sampling,0.5770513011892322
0,0.05001976280051656,0.03277518373679444,1.5819706845534225,0.46063727397084187,1.4705882352941178,0.6023809523809524,4.0,0.0710306375722681,1.0,0.9774178175281716,0.06040268456375841,0.9969961683109345,,0.0,1.0479846719628971,0.0187209750834695,0.019957761828449477,0.9774178175281716,0.602734375,8.434742647058824,2.4318110473666286,0.49279025216082706,0.07953011944829308,0.1349898605790945,0.1190693069741223,0.07987581616219123,0.09814485344932503,0.877963125548727,0.6690602732122481,1.365930521303583,0.6928571428571428,7.0,0.1939010872719663,7.0,31.180155326654475,0.9812951679486123,0.0244067708191831,0.0015104655783815474,,0.0,,0.8235294117647058,,0.0,,0.5,0.12478354962115547,,,2.062529026804931,,,0.7354147607738112,0.2752135908794712,4.209558823529412,1.4383419300299138,0.68,10.902948028802708,0.53291090301,0.4901349702378858,2.5280410694826094,0.4603725999148015,11.937356479956458,11.462783771621728,0.015506085610996423,,0.014705882352941124,,0.07352941176470584,,12.0,4.083333333333333,1.3113721705515067,0.08333333333333333,0.09350009069653377,61.199999999999996,36.67726568573261,0.5,0.0,165.70444263479217,0.4714285714285714,1.0,0.11973347406759434,2.0,0.9701557093425606,0.19946362660979997,0.31964696241785373,3.9918789999999995,1.7785631935803086,0.43303060745999994,0.3213518082457258,0.145967578,0.28871534466066334,-0.0209557,0.11067242852155448,0.03134743259898459,0.024874390545229896,0.6617647058823529,0.4913669901688646,0.16402760917837036,0.5147058823529411,0.5034996052651828,0.29411764705882354,0.4590328421057632,0.6857142857142857,6.0,0.1492401177592782,4.0,11.0,0.11,0.16176470588235295,1.8333333333333333,0.752772652709081,1.1,0.31622776601683794,100.0,0.0,0.0,2.0,0.020404040404040404,1.0,68.0,1.0,100.0,98.0,0.6774944044487072,49.465717712546116,,0.28735632183908044,0.1672158573639058,0.5119047619047618,2.0,0.17360827662085204,6.0,0.9940013596266852,0.03400427983426071,0.5166666666666667,3.0,0.14463183379511846,3.0,4.0128347,1.7411403893776431,165.70444263479217,0.0,0.7552671320492348,0.31563921428478275,,-0.011237075511083574,2.9782012961219215,1.5093058883415165,0.02286008549532774,0.03087407286994928,0.9117647058823529,1.4705882352941178,0.5,0.34,0.21191367909,0.2729558112831323,3.3043478260869565,1.6077873731169026,0.15936699691928943,0.1264881874253305,0.2630208333333333,0.13421854881012893,0.40973265244818263,0.12723942615588663,0.6690602732122483,0.514494855755774,0.009999999999999998,0.034214857330718364,7.192827032688956,1.0700194971531998e-05,0.005998640373314772,2.5988734770620474,0.4734563963846981,0.6357142857142858,5.0,0.16344197105931543,5.0,44751.0,63.0,GaussianNB,margin_sampling,0.5770513011892322
0,0.050359625688347634,0.031673397363822485,1.5881588988907447,0.4613515383570958,1.4492753623188406,0.6523809523809524,5.0,0.20333574958603018,4.0,0.9742408334889756,0.06855983772819463,0.9970263809055104,,0.0,1.029073597708079,0.01873442498141624,0.020322722381881767,0.9742408334889756,0.6076045627376425,8.570652173913043,2.452259308741916,0.49055217819276103,0.0857082308874798,0.13428331279840616,0.11855483422274678,0.07899730292753443,0.09672007398392661,0.8793691389599319,0.6651728807582162,1.3493281975713054,0.726190476190476,7.0,0.21626073957839226,6.0,30.6056100814572,0.9816607287033748,0.024397554990171377,0.0014883426904430477,,0.0,,0.8260869565217391,,0.0,,0.5,0.13322301674529152,,,2.027922083188996,,,0.7406103245767605,0.26791621472637905,4.266304347826087,1.4839502942697143,0.69,10.868899607725098,0.53414661868,0.4955047091893686,2.530567632614481,0.46059872257503925,12.031527618256616,11.613873598849217,0.015402880387822893,,0.01449275362318836,,0.04347826086956519,,11.0,3.8181818181818183,1.0787197799411872,0.09090909090909091,0.0946124673096657,46.26666666666666,20.188533599270873,0.5,0.1928473039599675,167.39564712531313,0.44523809523809527,1.0,0.2529866944597999,7.0,0.9708044528460408,0.20116579522199998,0.32723704376938245,3.9918789999999995,1.7785631935803086,0.4327585397084058,0.32117619200880265,0.14751977,0.2928317489520321,-0.0209557,0.11067242852155448,0.03183209976523984,0.02690883804618017,0.6666666666666666,0.4915431961214683,0.16282363564672475,0.5217391304347826,0.5031867754087856,0.391304347826087,0.49161771686915634,0.6761904761904762,6.0,0.1535668142533057,3.0,10.0,0.1,0.14492753623188406,2.0,0.7071067811865476,1.1111111111111112,0.33333333333333337,100.0,0.0,0.0,2.0,0.0202020202020202,1.0,69.0,1.0,100.0,98.0,0.6752922869192546,48.8917416885263,,0.28653295128939826,0.1668777713575495,0.47857142857142854,2.0,0.21309191271680425,5.0,0.99406160422154,0.035225137512228506,0.55,3.0,0.04821061126503949,1.0,4.0128347,1.7411403893776431,167.39564712531313,0.0,0.7532030971500899,0.3143985362524853,,-0.011862489066989893,2.9856402465739467,1.522095843764169,0.022651111490363283,0.030939232003172022,0.9130434782608695,1.4492753623188406,0.4927536231884058,0.34,0.21385035824139537,0.27281054466385646,3.0476190476190474,1.4309504001254019,0.19825712630196757,0.11291388205586965,0.2840909090909091,0.12139693533648577,0.40902981731295734,0.12706302165535804,0.6651728807582162,0.5112151327379129,0.01,0.03516724239291975,7.2969569150655325,1.043921460637268e-05,0.005938395778460005,2.5940489216445335,0.47107706016274925,0.638095238095238,4.0,0.11920624352710216,2.0,44751.0,64.0,GaussianNB,margin_sampling,0.5753073324742801
0,0.04127238073460576,0.024907646890379966,1.5791058101487585,0.4650320099369733,1.4285714285714286,0.557142857142857,3.0,0.20701966780270625,4.0,0.9786961448300948,0.057097541633624016,0.9970873986250455,,0.0,1.051842679377377,0.019322961386850534,0.021205757452616804,0.9786961448300948,0.6030562802832651,8.76875,2.5092356579158763,0.4934964438442969,0.07677585990116055,0.1338513553408735,0.11821413117225436,0.07816046490485513,0.09572520763644929,0.881159420289855,0.659953481220431,1.336038546271591,0.6857142857142856,7.0,0.2760262237369417,7.0,29.704059597989463,0.9818957130446465,0.024101912866383784,0.001465413695696804,,0.0,,0.8285714285714286,,0.0,,0.5,0.12121830534626529,,,2.0208173329059647,,,0.744380878418501,0.26999155643699274,4.391964285714286,1.48321188903136,0.7,10.832510995785647,0.5352515991200001,0.4947944004798384,2.5248537264176525,0.4645013281209381,12.152851564346559,11.741833257332154,0.01425402578404844,,0.014285714285714235,,0.09999999999999998,,11.0,3.8181818181818183,1.0787197799411872,0.09090909090909091,0.09018636651406506,46.26666666666666,20.188533599270873,0.5,0.06428243465332248,170.91820913149311,0.4714285714285714,1.5,0.25242587201330613,6.0,0.9710204081632653,0.2018491025817,0.33004948049574234,3.9920858,1.778182664164089,0.43217207601257135,0.3230818494836872,0.1462662395,0.28866550176742745,-0.0209557,0.11067242852155448,0.03294822856120106,0.02839148579855714,0.6857142857142857,0.492503722631024,0.1619082759784763,0.5285714285714286,0.5027872622251885,0.17142857142857143,0.3796042398103419,0.6714285714285715,6.0,0.1656431155326294,3.0,10.0,0.1,0.14285714285714285,2.0,0.7071067811865476,1.1111111111111112,0.33333333333333337,100.0,0.0,0.0,2.0,0.019595959595959597,1.0,70.0,2.0,100.0,98.0,0.6783804734138681,46.92688041530314,,0.2881844380403458,0.16749834337615513,0.4714285714285714,1.5,0.2238601766389173,5.0,0.9941832804968603,0.03326365420340756,0.5999999999999999,4.0,0.09035079029052515,1.0,4.0130415,1.7407817933983052,170.91820913149311,0.0,0.7501783726931842,0.3133170375579313,,-0.010495586177416064,2.996108132120771,1.5300337953648773,0.02244871799291653,0.031020572351819976,0.9142857142857143,1.4285714285714286,0.4857142857142857,0.34,0.20933590822333334,0.27430509999416336,3.0476190476190474,1.4309504001254019,0.19825712630196757,0.11291388205586965,0.2840909090909091,0.12139693533648577,0.4104367383933667,0.12693967126691075,0.6599534812204313,0.5078845828408559,0.01,0.03430187368617466,7.294130986895745,1.0079241688911554e-05,0.0058167195031396685,2.5831247180343517,0.47095656763658256,0.6142857142857142,5.0,0.11761037176408067,2.0,44751.0,65.0,GaussianNB,margin_sampling,0.5753073324742801
0,0.056875724758009234,0.038845496634643185,1.5869015734161425,0.4625112364626875,1.408450704225352,0.5071428571428571,3.0,0.17960021110139154,4.0,0.9756797868933086,0.06487523992322453,0.9971161699127555,,0.0,1.114635650291987,0.019254500605348886,0.020517372295328174,0.9756797868933086,0.6026674937965261,8.92781690140845,2.5148032239683666,0.49122717403478866,0.0828959870106011,0.13298911165854935,0.11752621188689528,0.07749410454213915,0.09484036542830362,0.8728370221327968,0.6596765795450323,1.3260277021373033,0.5535714285714285,4.0,0.28534201938587817,7.0,29.670746468353727,0.9816740227726016,0.02439326737376768,0.0014445594495042997,,0.0,,0.8309859154929577,,0.0,,0.5,0.1294702557102129,,,2.0686270860049945,,,0.7388523505893969,0.2665984048696251,4.455105633802817,1.5203395230894337,0.71,10.836998904364803,0.53504207624,0.49281653166296013,2.5296977997986314,0.4619682806172477,12.218175035672859,11.799962229239167,0.014135549442414796,,0.014084507042253502,,0.11267605633802813,,12.0,4.333333333333333,1.3026778945578592,0.08333333333333333,0.08331604901513401,66.53333333333333,32.672627780155764,0.5,0.0,172.63089482878485,0.44642857142857145,1.0,0.23282865732866603,5.0,0.9720293592541163,0.19928888144339993,0.3232715790014994,4.0016798,1.7812478620213177,0.4311784296602817,0.3222947768228446,0.143391979,0.2821463775380218,-0.0209557,0.11067242852155448,0.03288356051082,0.028624546781009237,0.6619718309859155,0.4927525803466524,0.16070111235561022,0.5352112676056338,0.5023085538787877,0.23943661971830985,0.42977697646219004,0.6732142857142857,7.0,0.15385494316860596,3.0,11.0,0.11,0.15492957746478872,1.8333333333333333,1.1690451944500122,1.0,0.0,100.0,0.0,0.0,2.0,0.019797979797979797,1.0,71.0,1.0,100.0,98.0,0.6762896934144251,47.25820406199593,,0.28653295128939826,0.16698286213516944,0.49107142857142855,2.0,0.24732841231329442,6.0,0.9942406563014832,0.03379137010655241,0.6232142857142857,5.0,0.1310740776515309,2.0,4.0226355,1.743796275796449,172.63089482878485,0.0,0.7494849483175996,0.31454455095543304,,-0.010180513168950028,3.0033214670024626,1.5302517087486942,0.022096656670287325,0.030928887765868003,0.9295774647887324,1.408450704225352,0.49295774647887325,0.35,0.2090581260553488,0.27261885615067816,3.5652173913043477,1.5616450230015824,0.19028747628660586,0.15538328438946722,0.22135416666666666,0.10780803954321551,0.40902981731295734,0.1270152818195642,0.6596765795450326,0.5084565492819382,0.01,0.0325145877850626,7.125231033853426,9.839259743937469e-06,0.005759343698516828,2.5730297764699896,0.4668579546445488,0.6321428571428571,6.0,0.10385156422649708,1.0,44751.0,66.0,GaussianNB,margin_sampling,0.5753073324742801
0,0.04661187711153281,0.030007952876844303,1.5793970247574578,0.46111056983372917,1.3888888888888888,0.4553571428571429,3.0,0.148987988223617,2.0,0.9798687566511527,0.05405405405405406,0.9971731147725128,,0.0,1.1202584366983555,0.01908723612763631,0.020412180324380323,0.9798687566511527,0.6027272727272728,9.089409722222221,2.53898577514389,0.49367448771393047,0.07649528208586084,0.13152211540923675,0.11635472127751087,0.0786249879649981,0.0965366476456519,0.8736306729264476,0.6791012247957344,1.3559593016528266,0.4267857142857143,2.0,0.2665244625088779,7.0,30.207665041640155,0.9820407238292536,0.022634929408030253,0.001422987230917738,,0.0,,0.8333333333333334,,0.0,,0.5,0.11785113019775793,,,2.0832426367273795,,,0.743215556258727,0.2662750910272286,4.539930555555555,1.5123757935394873,0.72,11.029397224100197,0.5362001515,0.49419175535485144,2.5268280290930822,0.46144024269736533,12.46356160983352,11.979505699369565,0.01385981895472177,,0.01388888888888884,,0.1527777777777778,,13.0,5.153846153846154,1.908147174886057,0.07692307692307694,0.07990948305894431,128.07619047619048,83.16075699605685,0.5,0.054392829322042084,176.12347029945192,0.3982142857142857,1.0,0.23690924858158674,5.0,0.9728009259259259,0.1982437566732,0.325136888243128,4.0740748,1.8219028021643477,0.43396791133166673,0.3263747578349432,0.141846117,0.28173014687715486,-0.0209557,0.11067242852155448,0.032437752315527854,0.026827464145997126,0.6944444444444444,0.4930682908950266,0.15922289757812697,0.5555555555555556,0.5003910833605344,0.3611111111111111,0.48369340643025116,0.6357142857142857,6.0,0.20554253191566912,4.0,12.0,0.12,0.16666666666666666,1.7142857142857142,0.7559289460184545,1.2,0.6324555320336759,100.0,0.0,0.0,2.0,0.018585858585858588,1.0,72.0,2.0,100.0,98.0,0.6791932659915256,47.6900883080424,,0.28901734104046245,0.16713469310306714,0.46964285714285714,4.0,0.24427254443289123,6.0,0.994354220825115,0.021699156099178787,0.6375,7.0,0.1757817814617816,3.0,4.0950305,1.7844457128242708,176.12347029945192,0.0,0.7588308841009834,0.32298624627541883,,-0.007075513073621369,3.0325225598489296,1.541878166017626,0.022026266309108308,0.030946697284849802,0.9305555555555556,1.3888888888888888,0.4861111111111111,0.35,0.20965676319045454,0.27322136731138774,4.4,2.0207259421636903,0.13323565978857135,0.12749517640138827,0.17548076923076922,0.15529052364769605,0.41114206128133707,0.12626466131905226,0.6791012247957344,0.5373012095665672,0.01,0.034383136345227515,7.198234397666888,9.511284419139554e-06,0.005645779174884959,2.5622441596827974,0.46166016340898686,0.6339285714285714,5.0,0.14415334569419447,1.0,44751.0,67.0,GaussianNB,margin_sampling,0.5735625331213566
0,0.05063482622537559,0.031059167004829778,1.5840991352173655,0.46287633833161335,1.36986301369863,0.48571428571428565,3.5,0.22458704861061804,4.0,0.9770012394218561,0.06147690069116052,0.9823697872201431,,0.0,1.1290938388930585,0.019036761703999806,0.020360996381826584,0.9770012394218561,0.6064705882352941,9.23373287671233,2.557467267334509,0.49161251420260693,0.0824232807323098,0.13126350789390673,0.11604397300680416,0.07802846756503769,0.09549209582508401,0.8748097412480974,0.6752083098680381,1.3438882544011852,0.4625,2.0,0.24963834385183786,5.0,29.806359408757217,0.982339750716702,0.022436362411735255,0.008926243848713033,,0.0,,0.8356164383561644,,0.0,,0.5,0.12592312541678247,,,2.0752073318162756,,,0.7469195878649696,0.26006999477709697,4.595890410958904,1.554234463996163,0.73,10.999353011737387,0.536395372,0.4953146060613404,2.5283220931314565,0.4623785878203136,12.57667009114628,12.151003706492343,0.013743208996311651,,0.013698630136986356,,0.136986301369863,,12.0,4.833333333333333,1.7494587907710375,0.08333333333333333,0.08593754644461937,96.03809523809524,63.56220079920993,0.5,0.11785113019775793,27.61262981246528,0.39285714285714285,1.0,0.14797384398400062,2.0,0.9726027397260274,0.19967280367859996,0.32854314914694854,4.0740748,1.8219028021643477,0.43349193600657526,0.32651326286927373,0.14164892099999998,0.28089791605344233,-0.0209557,0.11067242852155448,0.03277828150776473,0.02736026325119591,0.6712328767123288,0.4826501078884313,0.16967109831548072,0.5342465753424658,0.5022779161209768,0.2465753424657534,0.4340001893819421,0.6232142857142857,6.0,0.27296064063866143,6.0,11.0,0.11,0.1506849315068493,1.5714285714285714,1.133893419027682,1.0,0.0,100.0,0.0,0.0,2.0,0.01818181818181818,1.0,73.0,2.0,100.0,98.0,0.6772056545088316,47.327705491275175,,0.28735632183908044,0.167531050579721,0.48571428571428565,3.5,0.2985461749781837,7.0,0.9650503988429493,0.021141945298129287,0.525,5.0,0.21629350387516058,3.0,4.0950305,1.7844457128242708,27.61262981246528,0.0,0.7566595521917214,0.32204308630904716,,-0.006792600761498852,3.0416555115745627,1.553615356971845,0.022214918649712256,0.03094072762873775,0.9178082191780822,1.36986301369863,0.4794520547945205,0.35,0.21144676051066663,0.27331468346356175,4.086956521739131,1.8808374217658008,0.156532971110232,0.1436082834509346,0.19140625,0.14955470718215763,0.40973265244818263,0.12700043816131457,0.6752083098680385,0.5343235403133768,0.01,0.03138458819331389,7.207088359304344,9.290091758229332e-06,0.03494960115705071,2.557128565272075,0.45967591727576207,0.6535714285714286,7.0,0.10554362028238812,1.0,44751.0,68.0,GaussianNB,density_weighted_sampling,0.5735625331213566
0,0.04125173727312275,0.03332365916170965,1.5791671765666144,0.4648552317683163,1.3513513513513513,0.5339285714285714,3.0,0.16697463044092764,2.0,0.974024864435752,0.0691114245416079,0.9824749072932071,,0.0,1.132433589551079,0.018516371321221428,0.01972745735300322,0.974024864435752,0.6237201365187713,9.473817567567568,2.6416425859451413,0.48942680111399245,0.08853777794904027,0.1308028664087617,0.11579821620065639,0.07694055914066902,0.09420935167221325,0.875231395779341,0.6684149129124773,1.3263152863065124,0.5875,5.0,0.23696906282190902,5.0,30.787962486719223,0.9827278273866736,0.022040631409654114,0.008832021591180756,,0.0,,0.8378378378378378,,0.0,,0.5,0.13377695860286035,,,2.0580918285244625,,,0.7222874236457745,0.2749612618608535,4.690878378378378,1.6221455399605096,0.74,10.939303642556052,0.53453711512,0.4917272371222843,2.521555492632012,0.46439183877608153,12.7449701805114,12.32313140704458,0.013598318231202944,,0.013513513513513487,,0.04054054054054057,,12.0,4.833333333333333,1.7494587907710375,0.08333333333333333,0.08582233731197139,96.03809523809524,63.56220079920993,0.5,0.11785113019775793,27.782729546883616,0.3928571428571428,1.0,0.1689889234116475,3.0,0.972972972972973,0.19951918333829993,0.3245082324660556,4.0740748,1.8219028021643477,0.4319055829118919,0.32604909665579657,0.1423203005,0.2810358076096307,-0.0209557,0.11067242852155448,0.031636548370354484,0.0263748620397456,0.6621621621621622,0.4900964121829427,0.17725715455092583,0.527027027027027,0.5026770245797548,0.2702702702702703,0.44713080116517456,0.6428571428571428,7.0,0.21724151893922214,4.0,11.0,0.11,0.14864864864864866,1.5714285714285714,1.133893419027682,1.0,0.0,100.0,0.0,0.0,2.0,0.01797979797979798,1.0,74.0,2.0,100.0,98.0,0.6751425885789244,48.9159123833622,,0.2881844380403458,0.16774895837318113,0.47321428571428575,2.0,0.2783334860890045,7.0,0.9652569434607958,0.020089009227719726,0.5589285714285714,4.0,0.26123426077424755,6.0,4.0950305,1.7844457128242708,27.782729546883616,0.0,0.7528707818591184,0.32035412655264783,,-0.006909012729381239,3.056568832144021,1.5663720055948,0.022389760500983655,0.030940929519481433,0.918918918918919,1.3513513513513513,0.47297297297297297,0.35,0.21313307521695649,0.27371101339716486,4.086956521739131,1.8808374217658008,0.156532971110232,0.1436082834509346,0.19140625,0.14955470718215763,0.4104367383933667,0.12694661778185629,0.6684149129124772,0.5289294673223599,0.01,0.03146945532728365,7.227420447994392,9.078953309178664e-06,0.034743056539204176,2.543868834234842,0.46102342543026475,0.6089285714285715,6.0,0.08926587081079744,1.0,44751.0,69.0,GaussianNB,margin_sampling,0.5735625331213566
0,0.04696941286900723,0.024902530585438964,1.582715811249963,0.46685093288820895,1.3333333333333333,0.5517857142857143,3.0,0.17444640328492766,5.0,0.9709505944546688,0.07692307692307687,0.9826340331663939,,0.0,1.1109425438533551,0.017801786099729308,0.01947418399013527,0.9709505944546688,0.6237142857142857,9.634166666666667,2.668412998006105,0.48723601583147125,0.09403288499882995,0.13041652376654128,0.11558626855020765,0.07648592375677386,0.0942254272861715,0.8774774774774775,0.6661844204967567,1.324410717807239,0.5553571428571429,4.0,0.1628930794380111,4.0,31.632368123266172,0.9830176018371758,0.022313787432257218,0.008709525173558635,,0.0,,0.84,,0.0,,0.5,0.14142135623730948,,,2.026196095983349,,,0.7264902323505812,0.2707375115902782,4.751666666666667,1.6708062330708693,0.75,10.92210568527814,0.5323272109,0.49442728984011297,2.5229715620346598,0.466683600219723,12.827244983569171,12.4842087756339,0.01293525073705637,,0.013333333333333308,,0.06666666666666665,,14.0,5.285714285714286,1.9386185179765918,0.07142857142857142,0.08027425517534276,156.68571428571425,135.83828351167895,0.5,0.10101525445522107,28.04413695085406,0.43035714285714277,1.0,0.2040286566729394,6.0,0.9729777777777778,0.19742143110059998,0.32496166456046494,4.0740748,1.8219028021643477,0.43159649557973334,0.3284607979692808,0.14073459100000002,0.28100458459611,-0.0209557,0.11067242852155448,0.030694843669972258,0.026442321166643717,0.6533333333333333,0.47957508206815685,0.18547298694161654,0.5066666666666667,0.5033222956847166,0.32,0.46961744062645344,0.6767857142857143,7.0,0.13480533121602808,2.0,13.0,0.13,0.17333333333333334,1.625,1.0606601717798212,1.0833333333333333,0.28867513459481287,100.0,0.0,0.0,2.0,0.017575757575757574,1.0,75.0,3.0,100.0,98.0,0.6730116670092565,50.56292139054878,,0.28735632183908044,0.1678876604188593,0.5,2.0,0.2571263222197045,7.0,0.9655696431368537,0.020971646619655265,0.5982142857142857,5.0,0.028234621965789117,1.0,4.0950305,1.7844457128242708,28.04413695085406,0.0,0.7512218013107074,0.32074758906524065,,-0.007370467409918716,3.060906228931509,1.5765014597202989,0.022559893354632276,0.03094116940522286,0.9066666666666666,1.3333333333333333,0.4666666666666667,0.35,0.207792401844,0.27456358296346256,4.518518518518518,2.0637972912229676,0.13155719978643443,0.13757859210452014,0.16685267857142858,0.1488514957692872,0.40973265244818263,0.12728603751991946,0.6661844204967567,0.5304623866677297,0.010000000000000002,0.030788838169269302,7.3363539471587815,8.877198791196916e-06,0.03443035686314634,2.539527949027336,0.45819494034397396,0.6214285714285714,6.0,0.14911872638211182,3.0,44751.0,70.0,GaussianNB,margin_sampling,0.5698093444891954
0,0.043948471600208594,0.028058747656131935,1.5810349290103307,0.4667155012078556,1.3157894736842106,0.5321428571428573,4.0,0.19485298836515166,6.0,0.9677884628267678,0.08488063660477463,0.9827863641424621,,0.0,1.1367974714936266,0.017360625329791227,0.018782181977082424,0.9677884628267678,0.6288221970554926,9.801809210526315,2.697353798901317,0.4849062382723542,0.09947165681038377,0.12994602055888574,0.11521370724600578,0.07572665510089509,0.09321458240890665,0.8792982456140351,0.6624643210298535,1.3111957857324712,0.5196428571428571,2.0,0.17322349018253963,4.0,32.55445739711219,0.98307849081492,0.021766401393559832,0.008590458059666753,,0.0,,0.8421052631578947,,0.0,,0.5,0.14886458551295736,,,2.034671680661811,,,0.725140219205222,0.26841528641918366,4.815789473684211,1.7265661591014652,0.76,10.896590957913054,0.53520059285,0.49358332472970734,2.5190950983803435,0.4657430917017324,12.914332087459053,12.673745367723212,0.01278848372715935,,0.013157894736842146,,0.06578947368421051,,15.0,5.533333333333333,1.995232412766087,0.06666666666666667,0.08118182913280597,188.7238095238095,143.3516692229254,0.5,0.14142135623730948,28.298910082002642,0.43928571428571433,1.0,0.18713588984970592,5.0,0.97351108033241,0.20106409182719998,0.3253329655570926,4.0740748,1.8219028021643477,0.4310773171905263,0.3275759756478938,0.1423670355,0.27879150364730126,-0.0209557,0.11067242852155448,0.029728293456754634,0.025059339619022295,0.6578947368421053,0.47980730334058863,0.18408500449757462,0.5131578947368421,0.5031479849277368,0.2894736842105263,0.4565315461516093,0.6821428571428572,7.0,0.14744613528943845,2.0,14.0,0.14,0.18421052631578946,1.75,0.8864052604279183,1.0,0.0,100.0,0.0,0.0,2.0,0.017777777777777778,1.0,76.0,3.0,100.0,98.0,0.6708198443868175,52.18283510993465,,0.2881844380403458,0.16762895063710528,0.5250000000000001,3.0,0.24122937212811432,7.0,0.9658690375443602,0.019899294195943804,0.5785714285714285,5.0,0.07632057345154575,1.0,4.0950305,1.7844457128242708,28.298910082002642,0.0,0.7491543823573731,0.31977269771927525,,-0.006899740239129239,3.0661879131048266,1.589772016768515,0.022327521828342765,0.030998523215666502,0.9078947368421053,1.3157894736842106,0.4605263157894737,0.35,0.20931330654304342,0.27348306352667395,4.758620689655173,2.1155069033515534,0.1145942341944534,0.12432848713437537,0.1546875,0.15186939657505533,0.4104367383933667,0.1266101506933402,0.6624643210298536,0.5263662758873473,0.01,0.029727409872890475,7.287972315202514,8.684216208779592e-06,0.03413096245563986,2.5328827443613706,0.45690305752042903,0.6250000000000001,6.0,0.1554472006809595,3.0,44751.0,71.0,GaussianNB,margin_sampling,0.5680776131304405
0,0.04820674931667529,0.03989198042205811,1.5877214828144195,0.46826358202824914,1.2987012987012987,0.5803571428571428,4.0,0.16904133120432058,3.0,0.9645476589143233,0.09295593438404637,0.9829321908271759,,0.0,1.1172382467172906,0.01666585407203903,0.018165502453431463,0.9645476589143233,0.6129683643706529,9.91314935064935,2.7070444440639925,0.48266667950674036,0.10438731015038266,0.12934111044756913,0.11463569735860878,0.0752100973309576,0.09254489214988519,0.8673957621326043,0.6616791513605013,1.3028004386735617,0.5607142857142857,3.0,0.21612963272209937,6.0,34.42725710970757,0.9835158157548485,0.020888561943936686,0.008474689301110236,,0.0,,0.8441558441558441,,0.0,,0.5,0.15611448415806892,,,2.00769489120837,,,0.7083780640250787,0.2785737572642701,4.85551948051948,1.7683559091218155,0.77,10.891324760304059,0.5366135268,0.49360694104179575,2.524252165068632,0.46751717132575316,12.921246034444502,12.837943287537534,0.012702009656277657,,0.012987012987012991,,0.10389610389610393,,15.0,5.533333333333333,1.995232412766087,0.06666666666666667,0.08299310511355637,188.7238095238095,143.35166922292544,0.5,0.14142135623730948,28.547065729224027,0.44642857142857145,1.0,0.1755700143303884,4.0,0.974025974025974,0.20305177361699997,0.3262683870844025,4.0740748,1.8219028021643477,0.4318638790451948,0.32736148901717876,0.14438032499999998,0.2795552462773116,-0.0209557,0.11067242852155448,0.028016976660111173,0.02511658204614475,0.6623376623376623,0.4804169061166813,0.1829481289814037,0.5194805194805194,0.502896599458671,0.35064935064935066,0.48030236546295463,0.6428571428571429,7.0,0.18230229560849473,5.0,14.0,0.14,0.18181818181818182,1.75,0.8864052604279183,1.0769230769230769,0.2773500981126146,100.0,0.0,0.0,2.0,0.017575757575757574,1.0,77.0,3.0,100.0,98.0,0.668573490292159,55.66997913714647,,0.28735632183908044,0.16714930194853256,0.5178571428571428,2.0,0.24075890971615102,7.0,0.9661556917643117,0.021294254600925596,0.6089285714285714,5.0,0.0258774584753383,1.0,4.0950305,1.7844457128242708,28.547065729224027,0.0,0.748621700780425,0.3197927050815241,,-0.007444788480757988,3.0614566294875876,1.6010616555617907,0.022105359939985858,0.03103175985698297,0.9090909090909091,1.2987012987012987,0.4675324675324675,0.36,0.21154551002085104,0.2728790442322278,4.758620689655173,2.1155069033515534,0.1145942341944534,0.12432848713437537,0.1546875,0.15186939657505533,0.40973265244818263,0.12636734891994633,0.6616791513605011,0.5247384338946728,0.009999999999999998,0.030847905191351728,7.3868620305985075,8.499445651145984e-06,0.03384430823568829,2.5329511212463163,0.4541110524923789,0.6321428571428572,6.0,0.15820349133695444,2.0,44751.0,72.0,GaussianNB,margin_sampling,0.5698093444891954
0,0.04608944436630577,0.036687777636226764,1.578390444195245,0.47062537070071536,1.2820512820512822,0.5357142857142858,4.0,0.1781741612749496,6.0,0.9694309156463241,0.08075709779179807,0.9804532823950597,,0.0,1.1067553302562807,0.016452478994577753,0.01778628412043122,0.9694309156463241,0.6146850044365573,10.028044871794872,2.7094139679842995,0.4859219360749621,0.0970261839142642,0.1288507208567098,0.1142863522036884,0.07474422694152062,0.09166339490223081,0.8694638694638694,0.6596155161634468,1.2918207662104406,0.4946428571428572,2.0,0.15293101982723067,3.0,34.489714811133155,0.9839357865892356,0.02026436340189667,0.009788531683118797,,0.0,,0.8461538461538461,,0.0,,0.5,0.145047544858779,,,1.9755495025692498,,,0.7121168067939879,0.278721728753255,4.940705128205129,1.7297910549368656,0.78,10.879736004641927,0.5353504772000001,0.4887923399576188,2.5197135334662293,0.4708663783249513,12.943076375829078,13.023633851029246,0.009856802627296157,,0.012820512820512775,,0.08974358974358976,,15.0,5.733333333333333,2.282438128301359,0.06666666666666667,0.0781645844583621,255.56825396825397,270.7384779494648,0.5,0.04714045207910316,24.832209798752647,0.49107142857142855,1.0,0.1570909907190077,4.0,0.9745233399079553,0.20262474033899994,0.32420343556217773,4.0740748,1.8219028021643477,0.4316373405574359,0.32644037847245816,0.14530657849999998,0.2795855662025092,-0.0209557,0.11067242852155448,0.02810782637534003,0.0233247946415714,0.6666666666666666,0.4911910031672255,0.1947340321664504,0.5256410256410257,0.5025741264537528,0.2564102564102564,0.4394771815921655,0.6625,6.0,0.1766664260042001,5.0,14.0,0.14,0.1794871794871795,1.5555555555555556,0.7264831572567789,1.2727272727272727,0.46709936649691375,100.0,0.0,0.0,2.0,0.017777777777777778,1.0,78.0,3.0,100.0,98.0,0.6719583059278957,55.15483826881831,,0.2881844380403458,0.1684000058511961,0.5142857142857143,3.0,0.2539093433659464,7.0,0.9612886389592467,0.021025657746654578,0.6017857142857143,5.0,0.04213175802187236,1.0,4.0950305,1.7844457128242708,24.832209798752647,0.0,0.7478702022748172,0.31830624462384627,,-0.007478913662458376,3.059928505327441,1.6085488639413377,0.022262584915108626,0.031031866509155962,0.9102564102564102,1.2820512820512822,0.46153846153846156,0.36,0.21227908204125,0.2730900342769059,4.9655172413793105,2.3676805802407683,0.09996059703145235,0.12390983309184808,0.15286458333333333,0.15533083905482817,0.4104367383933667,0.12701592825806696,0.6596155161634466,0.5196949974482469,0.01,0.033357990902108905,7.506942498155726,8.225269984979985e-06,0.03871136104075334,2.533397729047733,0.4507050471897438,0.6660714285714285,7.0,0.10715939025878657,2.0,44751.0,73.0,GaussianNB,margin_sampling,0.5715402918517778
0,0.04215270740443269,0.029668703576553285,1.5819872877475445,0.4737363115709993,1.2658227848101267,0.5821428571428571,4.0,0.10213147899774866,2.0,0.9663340942959812,0.08851454823889748,0.9806167272283305,,0.0,1.129665187385942,0.016594763814230525,0.017538813052924127,0.9663340942959812,0.6156837329876863,10.159810126582279,2.726833635964884,0.4836363701100108,0.1020487970413636,0.128347724184311,0.113740045687795,0.07424312899231572,0.09068448256308986,0.8701720220707563,0.6581255685308857,1.280890574175753,0.5517857142857143,3.0,0.2549745996864409,7.0,34.208163902621465,0.9838217883837213,0.020730644233214416,0.0096595192146624,,0.0,,0.8481012658227848,,0.0,,0.5,0.1521622187363457,,,1.9850920694554144,,,0.7070239738970668,0.2805272086218945,4.9825949367088604,1.7725464011067802,0.79,10.873693853512908,0.5372546108999999,0.4924094486994446,2.5200727424191722,0.4727349755583867,12.969165756360285,13.157167507224235,0.009975370416279605,,0.012658227848101222,,0.11392405063291144,,15.0,5.733333333333333,2.282438128301359,0.06666666666666667,0.079838155851568,255.56825396825397,270.7384779494648,0.5,0.04714045207910316,25.047884052392334,0.4928571428571429,1.0,0.15753018643164302,4.0,0.9750040057683064,0.20355915047159998,0.32472516019116165,4.0740748,1.8219028021643477,0.43136687836050636,0.32649446770926005,0.144638492,0.28014794184073516,-0.0209557,0.11067242852155448,0.028248639624353776,0.02333811038782549,0.6708860759493671,0.4913579412878663,0.19348739962751263,0.5316455696202531,0.5021860682332357,0.31645569620253167,0.46806485956072236,0.6160714285714286,5.0,0.2177709301181752,5.0,14.0,0.14,0.17721518987341772,1.5555555555555556,0.7264831572567789,1.0769230769230769,0.2773500981126146,100.0,0.0,0.0,2.0,0.016969696969696968,1.0,79.0,3.0,100.0,99.0,0.6698117529402077,55.00224679080397,,0.28653295128939826,0.16925871136739556,0.5053571428571428,2.0,0.23314040858113527,6.0,0.9616091657200019,0.020999466318905934,0.6321428571428571,6.0,0.0945660814677881,1.0,4.0950305,1.7844457128242708,25.047884052392334,0.0,0.7469586894411536,0.31810405006208126,,-0.00729444990610615,3.0594343809914886,1.61815566827393,0.022177927997662744,0.03110622455677344,0.9113924050632911,1.2658227848101267,0.45569620253164556,0.36,0.21319390278938777,0.27330188628561464,4.9655172413793105,2.3676805802407683,0.09996059703145235,0.12390983309184808,0.15286458333333333,0.15533083905482817,0.4090298173129574,0.12810567667263328,0.6581255685308853,0.5169864986998297,0.010000000000000002,0.029947744731561792,7.466828091711427,8.053910193626236e-06,0.038390834279998114,2.530704650058735,0.4480405711741804,0.6571428571428571,7.0,0.12163847404233143,3.0,44751.0,74.0,GaussianNB,expected_error_reduction,0.5711639893764683
0,0.04078408305791478,0.032531158316671166,1.57726416506067,0.47258632563170816,1.25,0.6,5.5,0.14191155304938669,4.0,0.9709505944546688,0.07692307692307687,0.9809474697373102,,0.0,1.0649658921422762,0.015702526713425015,0.016902360721716976,0.9709505944546688,0.6176979662483773,10.20546875,2.7495224655507067,0.4866263006430639,0.0960302284340472,0.12867606041883503,0.1141220543979073,0.07541317192574677,0.09205255238398839,0.8727848101265823,0.6650808833983188,1.2996592382965255,0.3625,1.0,0.2316157018281216,7.0,36.57145091733623,0.9848311221292654,0.018857359978350224,0.009551779986200463,,0.0,,0.85,,0.0,,0.5,0.14142135623730948,,,1.9198883319154754,,,0.7135246603266869,0.27843499229858654,5.03046875,1.7404234395718405,0.8,10.952805534280735,0.536585238,0.4979482317579355,2.521665345420466,0.47197203423482065,12.99776475249468,13.307971550234413,0.006978057199318322,,0.012499999999999956,,0.09999999999999998,,16.0,5.9375,2.322893310794392,0.0625,0.07732507139774697,301.28253968253966,290.8194894922758,0.5,0.0,25.4956379483227,0.4875,2.5,0.13756311682682648,3.0,0.97578125,0.20026930925609995,0.3162506094150741,4.0741457,1.8217645791897519,0.4321120784022501,0.3247774995746479,0.1414012865,0.27037047890120175,-0.0209557,0.11067242852155448,0.026549414094872627,0.021884925691993833,0.6875,0.5013882620567094,0.20195419737147197,0.55,0.5006325113218328,0.425,0.49746191254243755,0.6,5.5,0.21889875894272828,5.0,15.0,0.15,0.1875,1.6666666666666667,0.7071067811865476,1.3636363636363635,0.6741998624632421,100.0,0.0,0.0,2.0,0.01818181818181818,1.0,80.0,2.0,100.0,98.0,0.6730116670092565,58.40862421386844,,0.2881844380403458,0.16935032861901467,0.4875,2.5,0.2239946675952602,6.0,0.9622579383840311,0.01644531179656814,0.575,4.0,0.10540925533894598,1.0,4.095101400000001,1.7843356322625115,25.4956379483227,0.0,0.7507880553621488,0.32003500333153584,,-0.00635346236281494,3.065622273864702,1.619088318332115,0.022327306706596058,0.031106311586784584,0.9125,1.25,0.45,0.36,0.2069781790975,0.2687748257928394,5.161290322580645,2.4096579867074968,0.0999762379368558,0.12379568611151967,0.143798828125,0.15414578408064633,0.4104367383933667,0.12764924681504328,0.6650808833983192,0.5226886558550955,0.01,0.03243060041380809,7.788703141850862,7.802225500075414e-06,0.03774206161596894,2.5440920529157793,0.44798727922644316,0.6625,7.0,0.11858541225631422,2.0,44751.0,75.0,GaussianNB,margin_sampling,0.5711639893764683
0,0.04457688504671734,0.025948766114056776,1.581904471068509,0.47198485841677335,1.2345679012345678,0.5902777777777778,6.0,0.15987311712807414,2.0,0.9679884922470298,0.0843795620437956,0.981104498433374,,0.0,1.0776393773786226,0.01556120441007926,0.016648089843719543,0.9679884922470298,0.6241942415126773,10.332561728395062,2.7656528452075246,0.4844846565884488,0.10095473200918523,0.12808407145527545,0.11361653658495065,0.07468908777559741,0.09101097750429894,0.8746913580246913,0.6617071824010885,1.2862045242706148,0.4763888888888889,1.0,0.2773955703848492,7.0,36.72466865785925,0.9850330386997244,0.018161186620232424,0.009429100242359625,,0.0,,0.8518518518518519,,0.0,,0.5,0.14840512691569518,,,1.9183528570543436,,,0.7147307544470228,0.2749745393172048,5.073302469135802,1.7861169836390411,0.81,10.929822158657174,0.5409421550000001,0.5022884468954152,2.5235349721443954,0.471074674519302,13.077220940751847,13.498184173090923,0.012778961498611685,,0.012345679012345734,,0.09876543209876543,,14.0,5.357142857142857,1.9848325973644323,0.07142857142857142,0.09771264286962646,162.8190476190476,134.7630714299931,0.5,0.10101525445522107,25.71370904254765,0.4930555555555555,3.0,0.2607636577155359,6.0,0.9762231367169639,0.20017288614120002,0.31717156491182374,4.0741457,1.8217645791897519,0.43209113032320995,0.3249528772245338,0.141510298,0.27274651014374707,-0.0209557,0.11067242852155448,0.026357991171143645,0.022001709929313683,0.691358024691358,0.5014619178552456,0.2006891092020574,0.5555555555555556,0.5,0.3333333333333333,0.47434164902525694,0.5888888888888889,5.0,0.2379827776733766,5.0,13.0,0.13,0.16049382716049382,1.625,0.9161253813129043,1.0,0.0,100.0,0.0,0.0,2.0,0.017777777777777778,1.0,81.0,2.0,100.0,97.0,0.6709584942155011,59.01612417263254,,0.2865329512893983,0.16963949998206174,0.49027777777777776,2.0,0.21195918836149613,4.0,0.9625660368462023,0.0157365084510988,0.5180555555555555,4.0,0.1815676760540111,3.0,4.095101400000001,1.7843356322625115,25.71370904254765,0.0,0.7491178713892923,0.3186613369122319,,-0.006145648320845184,3.0683016921536206,1.633378111576748,0.022071135700536437,0.031000961458952182,0.9135802469135802,1.2345679012345678,0.4444444444444444,0.36,0.20899417544244897,0.2705014290735384,4.592592592592593,2.098703982118108,0.11443239965313658,0.12545150460799015,0.16462053571428573,0.15322995709120232,0.4090298173129573,0.12821534112080518,0.6617071824010884,0.5180189433252128,0.01,0.02906545365978714,7.780027664001658,7.642996408237141e-06,0.037433963153797656,2.5410827592534577,0.4452662014327294,0.6430555555555555,7.0,0.11858541225631422,1.0,44751.0,76.0,GaussianNB,margin_sampling,0.565936337329475
0,0.040724392358983265,0.032839218307594766,1.573216430976604,0.4741098382587518,1.2195121951219512,0.5708333333333334,4.0,0.2080193106605292,5.0,0.9723594643683987,0.07335243553008597,0.9814541538698134,,0.0,1.062394047808966,0.015073153745999168,0.01613855775965025,0.9723594643683987,0.625,10.458841463414634,2.7772216372474423,0.487455227769515,0.09373858255495529,0.1277744028974948,0.11342084308566792,0.07416799694189492,0.09021663299304318,0.8771454381210478,0.658913567770663,1.2761179011034105,0.37222222222222223,1.0,0.23081385204002122,6.0,38.00111212492521,0.9854571487733281,0.017335985745895656,0.0093060174280574,,0.0,,0.8780487804878049,,0.0,,0.5,0.13797205486566777,,,1.8833964710159674,,,0.7205324815897969,0.2737577014615363,5.1676829268292686,1.755822216495587,0.82,10.908000465755524,0.54285018825,0.5009181178046027,2.5199882372477385,0.47302454103067826,13.17434784081398,13.71302524644725,0.014479555707228031,,0.012195121951219523,,0.1097560975609756,,19.0,6.105263157894737,2.024701263070274,0.05263157894736842,0.07396281214540988,320.99047619047616,219.3484056787788,0.5,0.11164843913471806,26.21255498122362,0.49722222222222223,3.0,0.19530234027073598,4.0,0.9770969660916121,0.20125559452487995,0.3149231329941932,4.0741457,1.8217645791897519,0.4326293927582927,0.32628462385266815,0.14351103399999998,0.27665293022473236,-0.0209557,0.11067242852155448,0.0255876580972645,0.021574873653961133,0.6951219512195121,0.5021573365630371,0.19934122923463676,0.5609756097560976,0.49932203358647437,0.21951219512195122,0.41646336503628284,0.5944444444444444,6.0,0.1871195270973204,3.0,18.0,0.18,0.21951219512195122,2.25,1.164964745021435,1.125,0.3415650255319866,100.0,0.0,0.0,2.0,0.01717171717171717,1.0,82.0,2.0,100.0,98.0,0.6739882212177342,60.48340832898622,,0.2881844380403458,0.1699479298929795,0.45972222222222225,2.0,0.2919567927989586,7.0,0.9632522561483113,0.016216609857903606,0.586111111111111,5.0,0.05351178991407366,1.0,4.095101400000001,1.7843356322625115,26.21255498122362,0.0,0.7476408525123165,0.31773618976786655,,-0.006301792117319091,3.071507787882879,1.6508964666010688,0.021845593172058097,0.031022466651823826,0.9146341463414634,1.2195121951219512,0.43902439024390244,0.36,0.2116515643336,0.27276369042878584,5.297297297297297,2.1713393826656198,0.11480063097418461,0.12291223274806282,0.12541118421052633,0.14361863912848136,0.4104367383933667,0.1278314031537669,0.6589135677706629,0.5144395578561078,0.01,0.028002620242427115,7.913044337693144,7.41139045647238e-06,0.03674774385168867,2.5388911105941525,0.4425704668970559,0.6430555555555555,7.0,0.10016490175995592,2.0,44751.0,77.0,GaussianNB,margin_sampling,0.565936337329475
0,0.04075111088907585,0.027298662851633237,1.577983370613546,0.47563986386370005,1.2048192771084338,0.5902777777777778,5.0,0.12581183557130732,2.0,0.9695235828220428,0.0805238227918641,0.9816048240875737,,0.0,1.0283467800831678,0.01408551848874718,0.015475536289205394,0.9695235828220428,0.6313775510204082,10.650602409638553,2.831201140760815,0.48544594564528815,0.0987391146026981,0.12759456040755113,0.11285571080204203,0.07367292136919881,0.08940674943570948,0.8789303555686159,0.6556954862898973,1.2667303250475295,0.4722222222222222,2.0,0.21114359724058113,4.0,40.3873670841593,0.9858194673695286,0.01722414156428381,0.009189441563383395,,0.0,,0.8795180722891566,,0.0,,0.5,0.14482909976110014,,,1.8413778478742882,,,0.719712662517586,0.2721749901278635,5.2379518072289155,1.815118688359541,0.83,10.881152860077963,0.545533081,0.5038274965963747,2.5235013384916454,0.4756319960783885,13.227747302050226,13.82889039408569,0.012630577757902328,,0.012048192771084376,,0.1325301204819277,,15.0,5.066666666666666,1.791514389985135,0.06666666666666667,0.0729838488777843,150.4190476190476,145.51786948734528,0.5,0.04714045207910316,26.433360074506833,0.513888888888889,3.0,0.1647263599505296,3.0,0.977790680795471,0.2015503653534,0.3136781516512472,4.0741457,1.8217645791897519,0.43282271790939747,0.3271612920024778,0.14559476300000002,0.2783022983376303,-0.0209557,0.11067242852155448,0.024005614943943904,0.02047775691887044,0.6987951807228916,0.5029079349596127,0.19812511902635663,0.5662650602409639,0.4986022189969834,0.24096385542168675,0.43026825001424435,0.5833333333333333,4.0,0.24689428936987745,6.0,14.0,0.14,0.1686746987951807,1.75,1.164964745021435,1.0769230769230769,0.2773500981126146,100.0,0.0,0.0,2.0,0.01717171717171717,1.0,83.0,2.0,100.0,97.0,0.6720225379194755,64.73392826213089,,0.28653295128939826,0.17020769757372536,0.43611111111111106,1.0,0.28321832572669947,7.0,0.9635480306719965,0.01668944082872441,0.6666666666666666,6.0,0.21195413226406662,5.0,4.095101400000001,1.7843356322625115,26.433360074506833,0.0,0.7456368534762661,0.31737746228039854,,-0.006752736057316605,3.0729260031007937,1.6570428884865638,0.021577484097662167,0.030904218846057565,0.9156626506024096,1.2048192771084338,0.4457831325301205,0.37,0.21405247307803918,0.2743575099149958,4.275862068965517,1.9801975320684178,0.11453938440352503,0.12592127355315325,0.17864583333333334,0.12579499795467491,0.40902981731295734,0.1283935022162999,0.6556954862898974,0.5124847156947355,0.01,0.029051368005313948,8.08021197128226,7.263162647342931e-06,0.03645196932800354,2.531691531460347,0.442014799932382,0.6861111111111111,7.0,0.10126091195920234,1.0,44751.0,78.0,GaussianNB,expected_error_reduction,0.5624463377584044
0,0.043842441716720214,0.02504951531659191,1.5739254276580354,0.4688929026981791,1.1904761904761905,0.6291666666666667,6.0,0.13290343503938298,3.0,0.9666186325481027,0.08780487804878045,0.9817495638882413,,0.0,1.046029762411724,0.014436083965611624,0.01656424099802447,0.9666186325481027,0.6131233595800525,10.771577380952381,2.8611504099992437,0.48343042836384764,0.10286910644060542,0.12569967023836598,0.11066148885797882,0.0745971409277157,0.08831796905025582,0.8694779116465863,0.6640686731143035,1.263215349800195,0.5472222222222223,3.0,0.17521787338912334,4.0,40.137472335676456,0.9856824937482784,0.017841332303611,0.009075831550556647,,0.0,,0.8690476190476191,,0.0,,0.5,0.1515228816828316,,,1.86146858516902,,,0.7122571133387576,0.2755882195316858,5.276785714285714,1.857474209773633,0.84,10.942771047742408,0.542449884,0.5012407080460325,2.51646136201169,0.46959057119285597,13.42484528539613,14.75474529532806,0.012685913867669596,,0.011904761904761862,,0.1071428571428571,,19.0,6.157894736842105,2.115108557622118,0.05263157894736842,0.07406039775087427,357.05396825396826,311.7872181689145,0.5,0.11164843913471806,26.64890790366366,0.4541666666666667,2.0,0.1805021288476081,5.0,0.9783163265306123,0.19804681372308,0.3141112103539906,4.1442022000000005,1.774601615810584,0.43343663960095236,0.32412759167359195,0.1412751025,0.2761493049962721,-0.0209557,0.11067242852155448,0.02408269819444802,0.021440842965234908,0.7023809523809523,0.5030602637316808,0.19668375094844057,0.5714285714285714,0.4978438881870135,0.2619047619047619,0.4423117697549977,0.5888888888888888,4.0,0.20393505381086277,6.0,18.0,0.18,0.21428571428571427,2.0,1.118033988749895,1.125,0.3415650255319866,100.0,0.0,0.0,2.0,0.016565656565656565,1.0,84.0,2.0,100.0,97.0,0.6700089798274271,64.35502853334289,,0.2881844380403458,0.1695479830883762,0.4083333333333333,1.0,0.2969610598314894,7.0,0.963832206194752,0.020389947589002092,0.6083333333333334,5.0,0.03862343261965593,1.0,4.1651579000000005,1.7353018576525276,26.64890790366366,0.0,0.7546207332783308,0.30914711940292894,,-0.00779056205294061,3.0862896280347383,1.705566577172488,0.021047778294664213,0.029929275931718454,0.9166666666666666,1.1904761904761905,0.44047619047619047,0.37,0.21250780843615388,0.2725514690490011,5.351351351351352,2.2511258444537408,0.10044809871406354,0.12083174431180528,0.12520559210526316,0.14393895908950627,0.4104367383933667,0.12728507097904315,0.6640686731143033,0.5093043175148478,0.01,0.0281455583072994,8.036312325293014,7.120747693473462e-06,0.036167793805248045,2.528641403027397,0.43571339733771197,0.6666666666666667,7.0,0.1061791198257381,2.0,44751.0,79.0,GaussianNB,expected_error_reduction,0.5641918547251105
0,0.05039145894985208,0.03490334869883363,1.5778163622889525,0.47007055391581837,1.1764705882352942,0.6791666666666666,7.0,0.12887511899624493,4.0,0.9636512739945752,0.09517532296335351,0.981888716652608,,0.0,0.9860849000870345,0.014119422725356323,0.01600643446970901,0.9636512739945752,0.6135158254918733,10.935294117647059,2.90317933433097,0.48148051298329203,0.10689979793603395,0.12522853763336542,0.11040181524244859,0.074806475715859,0.08942642852312048,0.8705882352941177,0.667279230054151,1.2755985866795696,0.4930555555555555,3.0,0.23048396181285422,6.0,40.10255566107331,0.9861990305813683,0.017422104986718916,0.008965071182061406,,0.0,,0.8705882352941177,,0.0,,0.5,0.15805916285346358,,,1.8055010843885515,,,0.7196824860575788,0.2672262946251618,5.329411764705882,1.9037817801750836,0.85,10.964160392264901,0.546532502,0.5089657707747419,2.517437963907062,0.4710783458266589,13.52346406104111,14.971004309150619,0.012623333465454412,,0.0117647058823529,,0.11764705882352944,,18.0,6.055555555555555,2.099642048546881,0.05555555555555555,0.0697534905886926,306.0571428571428,215.2651766508262,0.5,0.15713484026367727,26.85938401919044,0.4708333333333333,2.0,0.12516278837563638,3.0,0.9786851211072665,0.19926338368859997,0.3133785537653525,4.1509062000000005,1.7664793583882255,0.4353466868644705,0.3271969221921449,0.14154141100000003,0.2741044214057776,-0.0209557,0.11067242852155448,0.02402967237646579,0.020483850355221673,0.7058823529411765,0.5032212949643177,0.1953421103505781,0.5764705882352941,0.4970501217477085,0.32941176470588235,0.4727889717037675,0.5805555555555555,4.0,0.20504608200987273,5.0,17.0,0.17,0.2,2.125,0.9910312089651149,1.3076923076923077,0.6304251719561151,100.0,0.0,0.0,2.0,0.016565656565656565,1.0,85.0,2.0,100.0,98.0,0.6679521636123391,64.661168307656,,0.28653295128939826,0.17010837206964355,0.4041666666666667,1.0,0.25655417474993203,7.0,0.9641054518897055,0.024114357191726634,0.6125,5.0,0.04265796111033125,1.0,4.171861900000001,1.7269126074585777,26.85938401919044,0.0,0.7558667050557963,0.3113099631781557,,-0.009138591133490803,3.0922439987814028,1.7201052721994352,0.020915310067039936,0.029983754518264148,0.9176470588235294,1.1764705882352942,0.43529411764705883,0.37,0.2089779424898039,0.2728679243898917,5.257142857142857,2.227407582328642,0.11471077051839806,0.12349543333306838,0.1306423611111111,0.14747427306411243,0.40902303046392774,0.12813569532760768,0.6672792300541509,0.5176908526248255,0.01,0.0315620094665357,8.310271385468052,6.983810237829742e-06,0.03589454811029447,2.5254375076590363,0.4330819119558989,0.6333333333333333,6.0,0.104182097622483,2.0,44751.0,80.0,GaussianNB,margin_sampling,0.5630739806433529
0,0.04500005751388184,0.02940414868554693,1.5699567652918243,0.47280862209482044,1.1627906976744187,0.673611111111111,7.0,0.09030745001449608,1.0,0.9681647320759547,0.08393782383419679,0.9694925870604817,,0.0,1.0259806471166246,0.014194042819068544,0.016455313249873642,0.9681647320759547,0.6148440178265341,11.133720930232558,2.961741538406327,0.4845521085010997,0.09965019662348924,0.12518671835296022,0.11003356257294714,0.07441792010475719,0.08880648835490308,0.8733242134062927,0.6640170503337807,1.2682246893805675,0.4930555555555555,2.0,0.2122825281131551,6.0,41.90499530895907,0.9863184598148989,0.017014475203345876,0.015387496982005491,,0.0,,0.872093023255814,,0.0,,0.5,0.14799909373671924,,,1.8201238200738192,,,0.7268303734848109,0.2649242074037672,5.463662790697675,1.896651100418004,0.86,10.938198250405094,0.5450387388700001,0.5072664657947484,2.515017694946664,0.4734790866006229,13.60101849621552,15.13061963856696,0.03125927685513741,,0.023255813953488413,,0.10465116279069764,,19.0,6.526315789473684,2.3890588814805898,0.05263157894736841,0.06672617916220948,471.78412698412694,377.893309069357,0.5,0.03721614637823934,15.643331707367023,0.5,3.0,0.11730425425296229,3.0,0.9791779340183884,0.20069677322940002,0.3130157843082328,4.1509062000000005,1.7664793583882255,0.43548355202069766,0.3281984282370459,0.14369352100000002,0.27610435405762856,-0.0209557,0.11067242852155448,0.023103802421115316,0.020083849778095783,0.7209302325581395,0.512611742017796,0.20408078837870303,0.5930232558139535,0.49415184560176234,0.29069767441860467,0.45674755724946303,0.5847222222222221,5.0,0.1978807905538918,5.0,18.0,0.18,0.20930232558139536,2.0,1.0,1.2,0.5606119105813882,100.0,0.0,0.0,2.0,0.016565656565656565,1.0,86.0,2.0,100.0,98.0,0.6710806543560228,66.9523109086576,,0.2881844380403458,0.17048115322405688,0.4041666666666667,1.0,0.22216916804953926,7.0,0.9399158763652257,0.023984847161274428,0.5263888888888889,4.0,0.13215950634213977,4.0,4.171861900000001,1.7269126074585777,15.643331707367023,0.0,0.7538251068271161,0.3110178121029741,,-0.008755649466124879,3.096360151580232,1.728388059826537,0.021044255750638525,0.02998401290287712,0.8953488372093024,1.1627906976744187,0.43023255813953487,0.37,0.21135779033230773,0.27463077838039485,5.72972972972973,2.4793440961567126,0.11421417602091614,0.1267187272214875,0.12006578947368421,0.15275686344981734,0.4104367383933667,0.12787608102723952,0.6640170503337806,0.5158403504846675,0.01,0.028310545703906915,8.222541368499193,6.778404054364161e-06,0.06008412363477435,2.5181694805749077,0.43295723303212047,0.6291666666666667,6.0,0.09690203005796773,2.0,44751.0,81.0,GaussianNB,expected_error_reduction,0.5630739806433529
0,0.04669344519481468,0.031155180711903558,1.5763025467686702,0.47516365215239004,1.1494252873563218,0.7013888888888888,7.0,0.11880210574404018,3.0,0.972279462096882,0.07355561211504213,0.9700277699707355,,0.0,1.0328291896859048,0.014098980415431995,0.01646430368117559,0.972279462096882,0.6187873612297181,11.316091954022989,3.0085664744644944,0.4872962876093808,0.0925397696655724,0.1246461018745833,0.10969111163164497,0.07364176839077562,0.08790950333649515,0.8748997594226142,0.6603035558689606,1.2561960300464643,0.4722222222222222,3.0,0.1875999961977297,5.0,41.43117096966429,0.986196324573352,0.017589018198043198,0.015193161630735662,,0.0,,0.8735632183908046,,0.0,,0.5,0.13817029057668173,,,1.8052074834417253,,,0.7344011089689153,0.26055406342993576,5.581896551724138,1.8822850322579705,0.87,10.90753931718126,0.54571102474,0.5077070895599908,2.525114666781284,0.4758576810701881,13.705308299192234,15.318264549311246,0.03078738690356675,,0.02298850574712641,,0.1954022988505747,,19.0,6.526315789473684,2.3890588814805898,0.05263157894736842,0.06639701814126499,471.78412698412694,377.893309069357,0.5,0.03721614637823934,15.935912251242362,0.44722222222222224,2.0,0.16008078378999868,4.0,0.9795217333861804,0.20399546779079997,0.3139576928695031,4.1509062000000005,1.7664793583882255,0.4358196857790804,0.32926257051868746,0.14683527200000002,0.27918836695494803,-0.0209557,0.11067242852155448,0.023467342084267435,0.020489594470084155,0.7241379310344828,0.5130735461310707,0.20293652145913382,0.5977011494252874,0.4932042860614263,0.3333333333333333,0.4741373235154427,0.5652777777777778,5.0,0.24515626577798447,7.0,18.0,0.18,0.20689655172413793,2.0,1.0,1.2,0.5606119105813882,100.0,0.0,0.0,2.0,0.016565656565656565,1.0,87.0,2.0,100.0,99.0,0.673932767868794,66.17005023868585,,0.28735632183908044,0.16987878787719493,0.4,1.0,0.22316543655174426,6.0,0.940953874514398,0.024211179281237814,0.5541666666666667,4.0,0.09917570073315443,1.0,4.171861900000001,1.7269126074585777,15.935912251242362,0.0,0.7516424056204822,0.31032281976464715,,-0.008601062329200519,3.1021829883463834,1.741082095455839,0.020856051991296923,0.03005598256853379,0.896551724137931,1.1494252873563218,0.4367816091954023,0.38,0.21391679449018866,0.2761882499329545,5.72972972972973,2.4793440961567126,0.11421417602091614,0.1267187272214875,0.12006578947368421,0.15275686344981734,0.40973265244818263,0.12754648633391985,0.6603035558689605,0.512899118628103,0.01,0.028582283780871073,8.268184566259148,6.584735367096614e-06,0.059046125485601966,2.512005705634459,0.43214026352641616,0.6097222222222223,6.0,0.10687327277420912,2.0,44751.0,82.0,GaussianNB,margin_sampling,0.565936337329475
0,0.039687893277893856,0.02898346462634776,1.5717898101886068,0.47359893447410156,1.1363636363636365,0.6361111111111112,7.0,0.06953697539080957,2.0,0.9696055994904406,0.08031730292513639,0.9702587627785801,,0.0,1.0148260771329423,0.01395926562373479,0.015969248366564576,0.9696055994904406,0.6207879295892708,11.409090909090908,3.015750665014781,0.4854792183860896,0.09679303743760632,0.1239416364593807,0.10930090415711005,0.07316831086967418,0.08735013908307486,0.8761755485893417,0.6610036390071738,1.249627647217358,0.43472222222222223,2.0,0.17298343324024698,5.0,41.68832907014938,0.986597391403233,0.016792648456472763,0.015012155728195442,,0.0,,0.875,,0.0,,0.5,0.14463547796997564,,,1.7837340863803954,,,0.7328561255357244,0.26087332950097575,5.609375,1.9191579417702365,0.88,10.913754990741875,0.5485853496,0.5126028845311458,2.5181369673015923,0.47357663237977893,13.732450779772249,15.541513488119469,0.030506510660956554,,0.022727272727272707,,0.20454545454545459,,20.0,6.35,2.433861994963214,0.04999999999999999,0.06453568225773637,473.78412698412706,400.40951410006005,0.5,0.0,16.065448293374192,0.47777777777777775,3.0,0.09170874455121766,4.0,0.9793388429752066,0.20473980956708998,0.31516468687950644,4.1509062000000005,1.7664793583882255,0.4369364852361364,0.331627501589634,0.1471385305,0.28127385850895703,-0.0209557,0.11067242852155448,0.023258442377454735,0.02008842184834837,0.7159090909090909,0.5126329358107141,0.20180918055957908,0.5909090909090909,0.4944836767609949,0.3181818181818182,0.4684396830725553,0.5375,4.0,0.24110104803486784,7.0,19.0,0.19,0.2159090909090909,2.111111111111111,0.927960727138337,1.3571428571428572,0.8418973861410954,100.0,0.0,0.0,2.0,0.01616161616161616,1.0,88.0,3.0,100.0,99.0,0.6720793875419344,66.57932387218675,,0.28901734104046245,0.16983414886936024,0.40555555555555556,1.0,0.19910637119578684,6.0,0.941402066748621,0.02598748496728512,0.6027777777777777,5.5,0.052049886379834036,1.0,4.171861900000001,1.7269126074585777,16.065448293374192,0.0,0.751844444812968,0.31096716155684523,,-0.009129454210392745,3.097839626426945,1.7573470884354827,0.020720633949022176,0.03010072495806079,0.8977272727272727,1.1363636363636365,0.4318181818181818,0.38,0.2158689625181481,0.2789789546768852,5.538461538461538,2.5530802226882297,0.11361240097762183,0.16726799063175116,0.1390625,0.17124257526283593,0.411142061281337,0.1268953769799775,0.661003639007174,0.5131847111071821,0.01,0.028505855131634915,8.376055278325943,6.460495077151395e-06,0.05859793325137896,2.5154230221836404,0.42969381517002325,0.6027777777777777,5.5,0.07862196190871769,3.0,44751.0,83.0,GaussianNB,expected_error_reduction,0.565936337329475
0,0.03209244719743923,0.023393171840687708,1.5733641418347304,0.47481461712828793,1.1235955056179776,0.4833333333333333,3.0,0.1572439238174354,2.0,0.9668701645630143,0.0871770103839653,0.9704811483333737,,0.0,0.9704217847805898,0.013376059503254776,0.015388237227804908,0.9668701645630143,0.6256214782896917,11.560393258426966,3.039179521850195,0.4836685824276878,0.1011078459068625,0.12356085603155434,0.10924721360110703,0.07267889765173881,0.08671959678555338,0.8779366700715016,0.6592811855318704,1.2424553390827882,0.55,4.0,0.15811388300841897,3.0,43.53802018249129,0.9874076367274305,0.014981822016874279,0.014835564539625905,,0.0,,0.8764044943820225,,0.0,,0.5,0.15095538025330793,,,1.73601194818298,,,0.732366718217876,0.26035521794273875,5.667134831460674,1.9666808047733346,0.89,10.898089758554203,0.5517549139999999,0.5187805245576007,2.5180268160132404,0.47489792480889165,13.85115934059073,15.742732943547665,0.03326040714591694,,0.022471910112359605,,0.202247191011236,,18.0,5.388888888888889,1.9444911292248124,0.05555555555555555,0.07958769099113715,216.49523809523808,173.3847737256763,0.5,0.15713484026367727,16.19207341321043,0.45972222222222225,2.0,0.17451308903394638,5.0,0.9803055169801793,0.20532268389779998,0.3185110712565439,4.1521262000000005,1.7662715152270858,0.4365375510874157,0.33351730814763697,0.14816582699999997,0.28530486265144267,-0.0209557,0.11067242852155448,0.022207490384503953,0.01912435910847297,0.7303370786516854,0.5139346890277029,0.20059029673098777,0.6067415730337079,0.4912409501384753,0.3146067415730337,0.46699001395731465,0.5944444444444444,6.0,0.17771989798533447,6.0,17.0,0.17,0.19101123595505617,2.125,0.8345229603962802,1.5454545454545454,0.6875516509523286,100.0,0.0,0.0,2.0,0.01595959595959596,1.0,89.0,3.0,100.0,99.0,0.6701833285343837,69.84835407302933,,0.28901734104046245,0.16988914408627326,0.3916666666666667,1.0,0.20887788912462169,7.0,0.9418336592704637,0.027488532810784363,0.5625,5.0,0.16708409659832027,4.0,4.173081900000001,1.7266850457736564,16.19207341321043,0.0,0.750616539371372,0.31116593441672036,,-0.009861227877343745,3.1063620591370706,1.7707130473260502,0.020569645325676796,0.029977831703248085,0.898876404494382,1.1235955056179776,0.42696629213483145,0.38,0.21709102069054542,0.28149080818080363,4.571428571428571,2.145936163264584,0.11430702351740181,0.12607571593891354,0.17491319444444445,0.15484522208579188,0.4111420612813371,0.1269221006930938,0.6592811855318707,0.5134161388024008,0.01,0.034246900410110956,8.601595189194201,6.340856279426369e-06,0.058166340729536296,2.512496814462454,0.4278179653682855,0.6180555555555556,7.0,0.07614298242314131,1.0,44751.0,84.0,GaussianNB,margin_sampling,0.5676798265754864
0,0.047846350154975695,0.028804843004263475,1.5657519940749904,0.47800906791392017,1.1111111111111112,0.5333333333333333,4.0,0.15537908861780023,4.0,0.964078764808229,0.09411764705882353,0.9706953989376804,,0.0,0.9807624386426999,0.012832169528282813,0.01528444581929879,0.964078764808229,0.6097560975609756,11.75625,3.0883781105837063,0.4816296451172489,0.10557791445708406,0.12321923796401231,0.10919553612448842,0.07208481311648185,0.0860751104346977,0.8704119850187266,0.6554413314726708,1.2332049193951005,0.5222222222222223,3.0,0.14861038998325096,3.0,46.921272041763935,0.9875531004965157,0.014689726090482011,0.014663220661299445,,0.0,,0.8777777777777778,,0.0,,0.5,0.15713484026367727,,,1.7338106017960542,,,0.706638012215555,0.2767175079304651,5.7347222222222225,2.0251190124704186,0.9,10.868721159574747,0.5524387311700001,0.5227655054399181,2.5092840276703456,0.4776752650170721,14.00178787721715,15.934583439776842,0.03279600874367461,,0.022222222222222254,,0.09999999999999998,,19.0,6.052631578947368,2.7982868610500153,0.05263157894736842,0.08501126410179995,675.3096681096681,1110.2575598790243,0.5,0.03721614637823934,16.315884641494083,0.4222222222222222,2.0,0.20150326679608066,5.0,0.9798765432098765,0.20288982551249993,0.3133804499989933,4.1521262000000005,1.7662715152270858,0.435527994742,0.3343053881011864,0.1465436945,0.28259233734359135,-0.0209557,0.11067242852155448,0.02054673121287327,0.018650288363586866,0.7111111111111111,0.5128098207079869,0.19947134930547744,0.5777777777777777,0.49668061715319667,0.3111111111111111,0.4655417152513844,0.5888888888888888,5.0,0.20984022924763399,6.0,18.0,0.18,0.2,1.6363636363636365,0.6741998624632421,1.5,0.674199862463242,100.0,0.0,0.0,2.0,0.01595959595959596,1.0,90.0,2.0,100.0,98.0,0.6682484776645385,75.2044326103799,,0.2898550724637681,0.17100867695574096,0.3777777777777778,1.0,0.22345337968886453,7.0,0.9422495575187826,0.026181258867621883,0.611111111111111,6.0,0.05856069741052551,1.0,4.173081900000001,1.7266850457736564,16.315884641494083,0.0,0.7483455854477183,0.31045781803877326,,-0.009450213680952614,3.1193649008893582,1.7825181580932181,0.020475343570723958,0.03003194604773048,0.8888888888888888,1.1111111111111112,0.4222222222222222,0.38,0.21257139956074078,0.28163872348065494,5.243243243243243,2.9098053142722398,0.07996913745489284,0.11711931150382324,0.16359991776315788,0.15967124331035115,0.4118556000815051,0.127434365944022,0.6554413314726706,0.5103229924538988,0.01,0.029543860981368398,8.588804586024462,6.2255679834367985e-06,0.057750442481217405,2.506261084415298,0.42755514755579777,0.6333333333333333,7.0,0.07499428419006142,2.0,44751.0,85.0,GaussianNB,margin_sampling,0.5641918547251105
0,0.041678162397520827,0.026809513880002366,1.5684758275756172,0.48031611241382355,1.098901098901099,0.45111111111111113,3.0,0.19289150592751592,5.0,0.9683211863989214,0.08354547558435532,0.9643314917572,,0.0,0.9556115521026757,0.012800397860446051,0.015285329849123397,0.9683211863989214,0.6135841470419299,11.960164835164836,3.1439911339418964,0.4845487887247982,0.09883775472596623,0.12309244512554592,0.1091369321149493,0.07159353554276728,0.08549233128078272,0.8725274725274725,0.6516201650560731,1.2250382530200576,0.44666666666666666,2.0,0.18605720612386203,4.0,46.834251886907325,0.9876724563268162,0.014557340938453917,0.01808036796737608,,0.0,,0.8791208791208791,,0.0,,0.5,0.14763767958840002,,,1.692127871460556,,,0.7123981604087497,0.27470367995100586,5.87706043956044,2.0204080426504127,0.91,10.829405806050984,0.5524520203400001,0.5260019820225484,2.5161215222695112,0.4800042560598432,14.153324901830127,16.128713969840344,0.03214014377598817,,0.02197802197802201,,0.13186813186813184,,17.0,5.588235294117647,2.526331914293225,0.058823529411764705,0.06872978251330343,379.44126984126984,563.8172440796684,0.5,0.04159451654038516,13.272507321923007,0.49444444444444435,4.0,0.17460517876034323,3.0,0.9805579036348268,0.2005029722052,0.30979720821149875,4.1521262000000005,1.7662715152270858,0.43452992864593404,0.3351061765869416,0.14497276199999998,0.2802949660944172,-0.0209557,0.11067242852155448,0.020675491705027513,0.01872652858602981,0.7252747252747253,0.5212007072959122,0.20467591832590504,0.6043956043956044,0.4916891718944416,0.26373626373626374,0.44309930753387133,0.5677777777777778,5.0,0.22063942492198438,7.0,16.0,0.16,0.17582417582417584,1.6,0.6992058987801011,1.3333333333333333,0.6513389472789296,100.0,0.0,0.0,2.0,0.01575757575757576,1.0,91.0,3.0,100.0,97.0,0.6711891002288736,74.86159739041283,,0.28901734104046245,0.17141585037433216,0.38111111111111107,1.0,0.2029987802946052,6.0,0.9299352259946667,0.027737537951030743,0.6044444444444445,6.0,0.05523363520683626,1.0,4.173081900000001,1.7266850457736564,13.272507321923007,0.0,0.7460787119511189,0.30975180783003103,,-0.010128956123600687,3.1320239251645,1.7952310948031764,0.020590471558948897,0.03003206182528399,0.8901098901098901,1.098901098901099,0.4175824175824176,0.38,0.2138155252050909,0.2831517863158674,4.787878787878788,2.654684253324392,0.08879962379285583,0.12097988137376622,0.18187040441176472,0.159683471080832,0.4111490022622143,0.1279897365021457,0.6516201650560731,0.5073549770685283,0.01,0.032205501413603545,8.775140202448922,6.052635539452443e-06,0.07006477400533329,2.500144688702707,0.427443324963628,0.6244444444444445,7.0,0.08278419893895413,2.0,44751.0,86.0,GaussianNB,expected_error_reduction,0.565936337329475
0,0.04399923370170381,0.030252054453595297,1.5658206845161984,0.4787965966206955,1.0869565217391304,0.4222222222222222,2.0,0.14209871180185837,4.0,0.9656361333706097,0.0902527075812275,0.964588092957993,,0.0,0.9463309270888318,0.012911331019555152,0.015017001286704622,0.9656361333706097,0.6131768697865121,12.137228260869565,3.185650981839292,0.4826303656782004,0.10320883753440911,0.12281975691878075,0.10889774650203271,0.07111351120841583,0.08496231339966667,0.8736263736263736,0.6489739113940112,1.2183534371672726,0.4422222222222222,3.0,0.17914596971087246,5.0,46.34456675713164,0.9878863275188822,0.01436633555452153,0.017874254119299403,,0.0,,0.8804347826086957,,0.0,,0.5,0.15371886547533642,,,1.6746030989796037,,,0.710795165835586,0.2739250747243666,5.939538043478261,2.078096232903356,0.92,10.80830882899941,0.55386042401,0.529307628516569,2.510620801910415,0.47815765700764745,14.244991507986898,16.31316581549748,0.0334200488097407,,0.021739130434782594,,0.17391304347826086,,20.0,6.4,3.1187041843486347,0.05,0.0837064244605547,1171.7945165945166,2128.3214697865005,0.5,0.07071067811865477,13.374050852276739,0.47888888888888886,4.0,0.11972189997378649,3.0,0.9812145557655955,0.20229966694559995,0.31160213427713723,4.1521262000000005,1.7662715152270858,0.43415916507369556,0.3351205953051071,0.146549321,0.2821322474142436,-0.0209557,0.11067242852155448,0.020836015976393063,0.019060507841158033,0.7391304347826086,0.520920818066832,0.20354553832070482,0.6195652173913043,0.48815398634167767,0.22826086956521738,0.4220114281449613,0.5944444444444444,6.0,0.18349226182837147,6.0,19.0,0.19,0.20652173913043478,1.5833333333333333,0.6685579234215214,1.2666666666666666,0.7988086367179803,100.0,0.0,0.0,2.0,0.015555555555555555,1.0,92.0,3.0,100.0,97.0,0.6693279632926454,74.14971606329411,,0.28901734104046245,0.17187858007593923,0.3866666666666666,1.0,0.19888578520235062,7.0,0.9304301890763377,0.027561952013374223,0.5866666666666667,5.0,0.10167324406976883,2.0,4.173081900000001,1.7266850457736564,13.374050852276739,0.0,0.7443518238909274,0.3096336604784334,,-0.010139684644660321,3.137107191770704,1.806138733883069,0.020422143619795524,0.0300535400480019,0.8913043478260869,1.0869565217391304,0.42391304347826086,0.39,0.21538288582642856,0.28330431231620395,5.589743589743589,3.2095084778460583,0.0726992458999553,0.11369501652610406,0.1554443359375,0.15963305317667995,0.4111490022622143,0.12825565737849923,0.6489739113940112,0.5069105548239888,0.01,0.029601963831287343,8.851944167273661,5.944552761962222e-06,0.06956981092366232,2.4946337718987195,0.426991670347491,0.651111111111111,7.0,0.08767692283807586,1.0,44751.0,87.0,GaussianNB,margin_sampling,0.5641918547251105
0,0.0366053335980235,0.02916138419552545,1.5677324620925441,0.48129337313787446,1.075268817204301,0.3988888888888889,2.0,0.11903245053276602,3.0,0.9696787018231177,0.08013318534961156,0.9651811738239735,,0.0,0.9698110976520038,0.0133938823182255,0.015257625717225554,0.9696787018231177,0.6142857142857143,12.256720430107526,3.1926038417812403,0.48529291840970945,0.09697122524367596,0.12218348041082316,0.10852696198086279,0.07071667123494187,0.08470279100458339,0.8751753155680224,0.6489097412201912,1.215512388554353,0.4411111111111111,3.0,0.12036182305835771,4.0,44.61249870094599,0.9877822801574544,0.014106332587576511,0.01765944158453358,,0.0,,0.8817204301075269,,0.0,,0.5,0.14446267572628393,,,1.6809453215673942,,,0.7171764199772327,0.27129331942576984,6.024865591397849,2.0416204706409404,0.93,10.82352486002778,0.55402423268,0.5324741938582505,2.5156755801653943,0.4805723604740377,14.30746627481331,16.539842308153727,0.03339140425964249,,0.021505376344086002,,0.13978494623655913,,19.0,5.7894736842105265,2.016017729430998,0.05263157894736842,0.06519896872909405,277.2761904761905,203.54808708041014,0.5,0.03721614637823934,13.614477031406674,0.45444444444444443,4.0,0.14892850035078997,5.0,0.9812695109261186,0.20270381481000005,0.31243715692895746,4.1521262000000005,1.7662715152270858,0.43475966456752685,0.33673682294989066,0.14614519,0.28096864597793764,-0.0209557,0.11067242852155448,0.02173558375026764,0.01952358830091409,0.7311827956989247,0.5206514257677853,0.20245295935990434,0.6129032258064516,0.48972614495725925,0.3118279569892473,0.4657507876176195,0.5766666666666667,6.0,0.1858838671626201,6.0,18.0,0.18,0.1935483870967742,2.25,1.0350983390135313,1.2,0.7745966692414832,100.0,0.0,0.0,2.0,0.014747474747474747,1.0,93.0,3.0,100.0,97.0,0.6721300582177219,71.12746067025874,,0.2890173410404624,0.17195231142609854,0.38,1.0,0.2033195030039747,7.0,0.9315746983042233,0.025171910214793678,0.54,5.0,0.10800599485470325,2.0,4.173081900000001,1.7266850457736564,13.614477031406674,0.0,0.7439446559255193,0.3105161719955333,,-0.009107289537501733,3.137242122776201,1.8218572742161365,0.020348460031497505,0.030111052312019857,0.8924731182795699,1.075268817204301,0.41935483870967744,0.39,0.2167880627066666,0.2844318030508585,4.972972972972973,2.1919864974047636,0.11428283619007985,0.16390580374094108,0.1513157894736842,0.164335308201142,0.4111490022622143,0.12832686976179714,0.6489097412201914,0.5099747718663319,0.010000000000000002,0.030203154162675397,8.832915959957699,5.78388917380108e-06,0.06842530169577667,2.4946886907625228,0.4240311397818081,0.6544444444444444,7.0,0.07190337976721174,1.0,44751.0,88.0,GaussianNB,margin_sampling,0.5641918547251105
0,0.04251178910581026,0.0360566724110181,1.5609814342536035,0.4843694399334746,1.0638297872340425,0.4966666666666667,3.0,0.1534290272155769,3.0,0.967094114064218,0.08661758336942404,0.9654285547155841,,0.0,0.9506948467098597,0.013131120611171079,0.014929909732453188,0.967094114064218,0.6141732283464567,12.45811170212766,3.2447245529037474,0.483455437085445,0.10124523771576419,0.12209467574628682,0.10838019882644281,0.07040005231729735,0.08437955712890435,0.8762296957218028,0.6458406288588668,1.2103710576463964,0.5111111111111111,4.0,0.18421970541401317,6.0,44.60563248508784,0.9881367215764026,0.013808789640218816,0.017462522359649953,,0.0,,0.8829787234042553,,0.0,,0.5,0.15044825131628672,,,1.6547181934686066,,,0.7255183731364875,0.26063581370290406,6.097074468085107,2.10037953042164,0.94,10.796806851725876,0.551656425735,0.5310266569317705,2.5063945618552363,0.4836996241638761,14.390754708221955,16.706504702257917,0.03392168720264033,,0.021276595744680882,,0.14893617021276595,,19.0,5.315789473684211,1.7654911680117478,0.05263157894736842,0.0609551347048842,208.19047619047618,172.10472357856693,0.5,0.03721614637823934,13.71720036920352,0.4166666666666667,2.0,0.16885396000081285,4.0,0.9815527387958353,0.20531839770119997,0.3160312361686098,4.1521262000000005,1.7662715152270858,0.43396864816787234,0.33670096330136634,0.147567647,0.2822915050841144,-0.021492,0.11368866085085445,0.021680986462584702,0.019375757692497608,0.7340425531914894,0.520971264507436,0.20162363362921376,0.6170212765957447,0.4887197006250085,0.39361702127659576,0.4911711942619928,0.58,6.0,0.18051898964968383,5.0,18.0,0.18,0.19148936170212766,2.25,1.0350983390135313,1.2,0.41403933560541256,100.0,0.0,0.0,2.0,0.014747474747474747,1.0,94.0,3.0,100.0,97.0,0.6703385584997308,70.99771269390436,,0.2898550724637681,0.17291663685801203,0.3877777777777778,1.0,0.21143250389593296,7.0,0.9320522942602215,0.02498673940554371,0.5666666666666667,5.0,0.10961961916258327,2.0,4.1736182,1.725746591023448,13.71720036920352,0.0,0.7421913096756622,0.30976153862105105,,-0.00924889652635549,3.141689511190307,1.8340684186189502,0.020195977533745336,0.02996288435946709,0.8936170212765957,1.0638297872340425,0.4148936170212766,0.39,0.21776815926344828,0.2844010696146135,4.486486486486487,2.008615078738217,0.11624233999156426,0.1158486998366584,0.17146381578947367,0.14437218358813392,0.4118625936051349,0.12874013533679873,0.6458406288588665,0.507478305932427,0.01,0.026249395773507253,8.954553452981438,5.682417433909833e-06,0.06794770573977849,2.4881592071851824,0.4239943987795261,0.6155555555555555,7.0,0.0937263916319208,1.0,44751.0,89.0,GaussianNB,expected_error_reduction,0.5724536205123121
0,0.03887108234095014,0.02601552697238869,1.5667382497674214,0.4834828809359572,1.0526315789473684,0.59,5.0,0.0965026279520205,3.0,0.9709505944546688,0.07692307692307687,0.9659899410244016,,0.0,0.9327384620807283,0.012433607334583515,0.013525947254671126,0.9709505944546688,0.6107181719260065,12.60657894736842,3.2625687009280697,0.4859031795873647,0.09582530251259311,0.12085463863459751,0.10665240885156024,0.07046062339703406,0.08402557210101072,0.8772676371780515,0.6495157692854535,1.2062032787253136,0.5222222222222223,3.0,0.17800910875108025,6.0,46.278308983509966,0.9884293285708224,0.014758939215915088,0.017257811741813216,,0.0,,0.8842105263157894,,0.0,,0.5,0.14142135623730948,,,1.6306576942097288,,,0.723554772317172,0.26589594921749715,6.194078947368421,2.068600417316055,0.95,10.849027718358911,0.55176695529,0.5287438922418575,2.5167081598414094,0.4814591515983026,13.892866105574962,16.059682839943743,0.033542079147367954,,0.021052631578947323,,0.18947368421052635,,19.0,5.315789473684211,1.7654911680117478,0.05263157894736842,0.06097595507713251,208.1904761904762,172.10472357856693,0.5,0.03721614637823934,13.955857672488472,0.4555555555555556,2.0,0.12035612451312533,4.0,0.9813850415512465,0.206991308685,0.31807715463189457,4.1636752,1.761196780365745,0.43501392313452647,0.3332582675428082,0.148524985,0.2832426738931185,-0.021492,0.11368866085085445,0.020980684380681264,0.01795611742762689,0.7263157894736842,0.5206203696460742,0.20045917792554308,0.6105263157894737,0.49021785956044767,0.3157894736842105,0.4672954756790886,0.5944444444444443,6.0,0.1618014159911317,5.0,18.0,0.18,0.18947368421052632,2.25,1.0350983390135313,1.2857142857142858,0.4688072309384954,100.0,0.0,0.0,2.0,0.013535353535353536,1.0,95.0,3.0,100.0,97.0,0.6730116670092565,73.67526899218089,,0.28985507246376807,0.1716431733401515,0.4177777777777778,1.0,0.18857635727737843,7.0,0.9331365661603269,0.020981533345822413,0.5577777777777777,4.0,0.0638929145269565,1.0,4.1851672,1.7204066070308242,13.955857672488472,0.0,0.7456516717408934,0.30734995306976104,,-0.008033997934198915,3.104662995276482,1.7737330864154774,0.019792325452953105,0.029581064049108523,0.8947368421052632,1.0526315789473684,0.42105263157894735,0.4,0.21300875626807017,0.280703004640336,4.486486486486487,2.008615078738217,0.11624233999156426,0.1158486998366584,0.17146381578947367,0.14437218358813392,0.4118625936051349,0.1275912298649332,0.6495157692854532,0.5025627923210513,0.01,0.02685215543830799,9.134896445184914,5.532880133017469e-06,0.06686343383967308,2.4902987370140726,0.41916656531878377,0.6411111111111111,7.0,0.0913321618380307,2.0,44751.0,90.0,GaussianNB,margin_sampling,0.5689495155322546
0,0.03739847689910303,0.029778050730607297,1.562805878819075,0.4834508946481762,1.0416666666666667,0.5277777777777778,4.0,0.1244190891277098,3.0,0.9744894033980523,0.06792452830188678,0.9665222368746837,,0.0,0.9266657543890211,0.01221531043620538,0.013468646053994449,0.9744894033980523,0.6142214957090315,12.856119791666666,3.3409880968256203,0.4882563257106713,0.08969474370157803,0.12042845474425506,0.10644838359947327,0.0699970563843599,0.0833872727960354,0.8791666666666667,0.647536373953371,1.1974745856258617,0.42666666666666664,2.0,0.12562054474488935,4.0,47.628722664726716,0.9886827713515541,0.014448608876698627,0.017058542025262524,,0.0,,0.8854166666666666,,0.0,,0.5,0.13258252147247765,,,1.6103757265401286,,,0.7366530155920188,0.25635023015230907,6.333333333333333,2.0634301464547438,0.96,10.83669740965173,0.553273248595,0.5291698275661193,2.516835161750371,0.4815698621947506,13.991557922999108,16.250096594498675,0.03312500209987945,,0.02083333333333337,,0.125,,19.0,5.315789473684211,1.7654911680117478,0.05263157894736842,0.06028818596641889,208.19047619047618,172.10472357856693,0.5,0.03721614637823934,14.189542948620485,0.5033333333333332,3.0,0.17181752530735472,6.0,0.9813368055555556,0.2046658787544,0.3157556960139692,4.1710982,1.75812398947125,0.4348641841477082,0.33351867284267844,0.147313424,0.28225436548470567,-0.021492,0.11368866085085445,0.02046012046675667,0.017328509881623856,0.7083333333333334,0.5197726492377096,0.19926738590881496,0.59375,0.49371044145328746,0.3333333333333333,0.473879102207274,0.6099999999999999,6.0,0.1530172085680883,5.0,18.0,0.18,0.1875,2.25,1.0350983390135313,1.2,0.5606119105813882,100.0,0.0,0.0,2.0,0.013535353535353536,1.0,96.0,3.0,100.0,98.0,0.6754645824509031,75.38302430126456,,0.2898550724637681,0.1725102458830435,0.4255555555555556,1.0,0.19862697424347817,7.0,0.9341652343732423,0.020729692443192678,0.5933333333333334,5.0,0.03320964706882945,1.0,4.192590200000001,1.717166987667569,14.189542948620485,0.0,0.7446365367210491,0.30658233710983746,,-0.007861242855765754,3.1127217161257623,1.783532637643397,0.019716347325362902,0.029633748818543578,0.8958333333333334,1.0416666666666667,0.4166666666666667,0.4,0.21435668944275865,0.28137230237350963,4.486486486486487,2.008615078738217,0.11624233999156426,0.1158486998366584,0.17146381578947367,0.14437218358813392,0.4118625936051349,0.1281251434629161,0.647536373953371,0.4987818561418903,0.01,0.026387528346078527,9.243079013556645,5.391011411658046e-06,0.06583476562675772,2.478092022592699,0.4188466910137847,0.6333333333333333,7.0,0.10986960721623205,2.0,44751.0,91.0,GaussianNB,margin_sampling,0.5689495155322546
0,0.03556920068437942,0.02747187413733051,1.5662943185269187,0.4850353341573297,1.0309278350515463,0.5877777777777777,4.0,0.09243690615038827,2.0,0.9721439323621085,0.07389969293756404,0.9667607571178982,,0.0,0.9393801997565975,0.012047161381480282,0.013466901864590606,0.9721439323621085,0.6058571593934483,13.03930412371134,3.3752962059884317,0.48651980623641944,0.0940405582036033,0.12000810157110545,0.10636197254557973,0.06934759233315774,0.08273913357009134,0.8709192439862543,0.6445410616360641,1.1884642978007323,0.5033333333333333,3.0,0.1792416581502774,6.0,48.33568950012344,0.988708158977997,0.014589072707462142,0.0168741688759578,,0.0,,0.8865979381443299,,0.0,,0.5,0.1385054519849938,,,1.6118429540407546,,,0.7210722783585916,0.26563938311234814,6.400773195876289,2.118474827289054,0.97,10.814547640319418,0.5508783819,0.5273124548435834,2.518325908592563,0.4830756319190463,14.108193935751073,16.445713988476747,0.032883285386162364,,0.020618556701030966,,0.134020618556701,,18.0,4.944444444444445,1.4337208778404378,0.05555555555555555,0.06921447364965565,141.9047619047619,86.84263479010131,0.5,0.0,14.296685682387373,0.47444444444444445,2.0,0.13828758725975177,5.0,0.9812945052609204,0.20259054416999994,0.3151890029718788,4.1710982,1.75812398947125,0.4326853470420619,0.3311964974906131,0.1440799,0.2770625285397019,-0.021492,0.11368866085085445,0.020112342296464514,0.017425374414239247,0.7010309278350515,0.5182907867590706,0.1985471475490383,0.5773195876288659,0.4965516829929807,0.27835051546391754,0.45051516902960465,0.6244444444444444,6.0,0.1351522029780561,4.0,17.0,0.17,0.17525773195876287,2.4285714285714284,1.2724180205607036,1.1333333333333333,0.3518657752744984,100.0,0.0,0.0,2.0,0.013333333333333332,1.0,97.0,3.0,100.0,98.0,0.6738388258152537,76.87727035663333,,0.2898550724637681,0.17208525447501316,0.4311111111111111,1.0,0.19736258263932172,7.0,0.9346263615031718,0.01989795429658118,0.5977777777777777,5.0,0.030451562653473263,1.0,4.192590200000001,1.717166987667569,14.296685682387373,0.0,0.7427861785654141,0.3061816892575695,,-0.0075886233945776154,3.121755162583629,1.7944960446187463,0.01961552907451049,0.029672854852447257,0.8865979381443299,1.0309278350515463,0.41237113402061853,0.4,0.21324079871661014,0.278140287234182,4.114285714285714,1.7451011865391945,0.15869054057564336,0.13101141928166807,0.18663194444444445,0.1317373460704033,0.4118625936051349,0.1277297696611503,0.644541061636064,0.49709195002596035,0.009999999999999998,0.026365112850692787,9.215781976455393,5.2980629390432525e-06,0.0653736384968282,2.4724840838400146,0.4178054505235052,0.6366666666666666,7.0,0.0984168230346897,3.0,44751.0,92.0,GaussianNB,margin_sampling,0.5678016332982085
0,0.040445270946585524,0.029051477460781662,1.5598447211647963,0.4864289696030109,1.0204081632653061,0.538888888888889,4.0,0.11597383934704572,3.0,0.9755259511264972,0.06526994359387583,0.9672660421546101,,0.0,0.9759479929620245,0.01236699170642324,0.013853653885128972,0.9755259511264972,0.6057502037015481,13.31951530612245,3.484003423198102,0.48868265212888906,0.08841656682742313,0.12015164187229657,0.1057865429505528,0.06974672687529147,0.08294895459931438,0.8737639385651168,0.6466940812201937,1.1927855682840076,0.53,3.0,0.19066341474679427,5.0,47.844912120583366,0.9885444787216714,0.015148923580381314,0.016683899665130356,,0.0,,0.8877551020408163,,0.0,,0.5,0.12987675572814136,,,1.6329980884632747,,,0.7420135224080221,0.2508120249102293,6.553571428571429,2.1343695047928533,0.98,10.84814848863954,0.5503840791599999,0.5279424133838528,2.514981337085329,0.48446092214172465,14.141493872671498,16.57888019257495,0.03398415956209777,,0.020408163265306145,,0.12244897959183676,,18.0,4.944444444444445,1.4337208778404378,0.05555555555555555,0.06913858076253047,141.9047619047619,86.84263479010131,0.5,0.0,14.528817490231036,0.4255555555555556,1.5,0.18841989707344795,4.0,0.9810495626822158,0.2050811379645,0.31727553262479585,4.1919492,1.7673912552644397,0.43340584972530616,0.33167085939151175,0.14539426750000004,0.2766691853483182,-0.021492,0.11368866085085445,0.02038933520596469,0.017620167317114875,0.6938775510204082,0.5179809608588459,0.19700639217556307,0.5714285714285714,0.497416003373807,0.336734693877551,0.4750231150321569,0.5677777777777778,5.0,0.19858553318852193,7.0,17.0,0.17,0.17346938775510204,2.4285714285714284,1.2724180205607036,1.2142857142857142,0.8017837257372731,100.0,0.0,0.0,2.0,0.01292929292929293,1.0,98.0,3.0,100.0,98.0,0.6761830625863905,75.50297105854044,,0.2898550724637681,0.17347740392101613,0.4255555555555556,1.5,0.19422739208307085,6.0,0.935603596305444,0.016740285967225096,0.591111111111111,6.0,0.018739423171368154,1.0,4.2134412,1.7263919131695247,14.528817490231036,0.0,0.7439526289976329,0.3068717480071332,,-0.006452082225280595,3.1254426794348786,1.799695673933331,0.01952837963961293,0.029708668455144315,0.8979591836734694,1.0204081632653061,0.40816326530612246,0.4,0.21473054757133336,0.27804184635264473,4.114285714285714,1.7451011865391945,0.15869054057564336,0.13101141928166807,0.18663194444444445,0.1317373460704033,0.41186259360513483,0.12878893326066723,0.6466940812201937,0.4983602257406748,0.01,0.029255694145219033,9.122543265723312,5.165611365567172e-06,0.06439640369455603,2.461320892476743,0.4189967606844525,0.641111111111111,7.0,0.07961670868469296,2.0,44751.0,93.0,GaussianNB,margin_sampling,0.5654412521882402
0,0.035385423176001546,0.022487806218115098,1.5593143845580113,0.4878552140552047,1.0101010101010102,0.5655555555555555,6.0,0.0817252246597035,1.0,0.9732650674751335,0.07104900610116116,0.9674963007718625,,0.0,0.9788176498702013,0.012202828406542627,0.013462596895174818,0.9732650674751335,0.6041308089500861,13.491161616161616,3.517585310620233,0.4870156746597604,0.0925999778712398,0.11984590630097976,0.1059868293562456,0.06938165284207644,0.08295202678574655,0.8746650175221604,0.6445991057966627,1.1903202272781945,0.4855555555555555,3.0,0.18287822299126938,4.0,48.10894093414814,0.9886351335491383,0.01526552072891511,0.016507320572032604,,0.0,,0.8888888888888888,,0.0,,0.5,0.13570736204590303,,,1.6270626725750459,,,0.7487096632405501,0.24214829505902835,6.607323232323233,2.182867551294757,0.99,10.833176555153813,0.54876593874,0.5309505071039431,2.512349011525062,0.4857121402443779,14.279628725741361,16.774919878475526,0.03367504363014684,,0.02020202020202022,,0.101010101010101,,18.0,4.944444444444445,1.4337208778404378,0.05555555555555555,0.07034539533931373,141.9047619047619,86.84263479010131,0.5,0.0,14.636994553903522,0.4644444444444444,2.0,0.19449205766258723,6.0,0.9806142230384655,0.20560883607600006,0.32124966819482426,4.1919492,1.7673912552644397,0.4316840297482829,0.3307525397644825,0.14548946000000001,0.27782864575595745,-0.021492,0.11368866085085445,0.02023044050808239,0.01724534375546487,0.6868686868686869,0.5167980451604942,0.19619186628947508,0.5656565656565656,0.49819298288539576,0.2828282828282828,0.45266566570285055,0.5533333333333333,4.0,0.2132638775824014,7.0,17.0,0.17,0.1717171717171717,2.4285714285714284,1.2724180205607036,1.3076923076923077,0.8548504142651104,100.0,0.0,0.0,2.0,0.012727272727272728,1.0,99.0,3.0,100.0,98.0,0.6746159374578737,76.07762883042709,,0.2898550724637681,0.174073433351013,0.4344444444444445,1.0,0.19439681956449317,5.0,0.9360490920072383,0.016068000146109714,0.5566666666666666,5.0,0.10310009519699595,3.0,4.2134412,1.7263919131695247,14.636994553903522,0.0,0.742567515645522,0.30681253201707326,,-0.006132226167344621,3.1376971719973623,1.8121601473835773,0.019521561281719606,0.02973753752541679,0.8888888888888888,1.0101010101010102,0.40404040404040403,0.4,0.21418262043081968,0.2765919212297584,4.114285714285714,1.7451011865391945,0.15869054057564336,0.13101141928166807,0.18663194444444445,0.1317373460704033,0.411862593605135,0.12930632239835235,0.644599105796663,0.49750980337601985,0.01,0.028876867615614792,9.14358214988717,5.078058630557558e-06,0.06395090799276171,2.4576219050582715,0.41817020080512535,0.6366666666666666,7.0,0.09486832980505139,2.0,44751.0,94.0,GaussianNB,expected_error_reduction,0.5689495155322546
0,0.037080352978049874,0.02678697079222195,1.5569195631315296,0.48790332058671554,1.0,0.5999999999999999,6.0,0.06666666666666665,1.0,0.9765004687578241,0.06276636962417659,0.967976578652167,,0.0,1.0847252338950053,0.01224029706748469,0.013628390679658136,0.9765004687578241,0.6035048049745619,13.598125,3.5279201248323306,0.48900861978788784,0.08707574289043335,0.11966167343451292,0.10604623575136175,0.06954796973859567,0.08443444324942412,0.8757575757575757,0.6481836123645174,1.2069333065835257,0.57,3.0,0.12516655570345725,3.0,47.186632047163684,0.9881031693917589,0.016035223964739335,0.01632544673862262,,0.0,,0.89,,0.0,,0.5,0.12727922061357855,,,1.7041397371586815,,,0.752901873158618,0.24117786387546125,6.679375,2.149551886146825,1.0,10.884267941150613,0.55152351832,0.5372789846759904,2.51272560157312,0.4855458017333824,14.382777239677615,16.972007601715212,0.033366428418952876,,0.020000000000000018,,0.16000000000000003,,18.0,4.944444444444445,1.4337208778404378,0.05555555555555555,0.07022838559863705,141.9047619047619,86.84263479010131,0.5,0.0,14.867640223573394,0.4800000000000001,2.0,0.19321835661585918,6.0,0.9807,0.20458742401019997,0.3188534713083967,4.1931012,1.7662216790733967,0.43332442305079993,0.33462675687654625,0.14486537200000002,0.27692224961821854,-0.021492,0.11368866085085445,0.020694430316234448,0.017561649415302687,0.68,0.5162656985684538,0.1951993961653621,0.56,0.4988876515698589,0.21,0.40936018074033237,0.5900000000000001,4.5,0.17919573407620817,5.0,17.0,0.17,0.17,2.4285714285714284,1.2724180205607036,1.2142857142857142,0.5789342235218394,100.0,0.0,0.0,2.0,0.012323232323232323,1.0,100.0,3.0,100.0,98.0,0.6768585467349507,74.23374837287263,,0.2898550724637681,0.17463660570232747,0.45,1.0,0.19578900207451216,7.0,0.9369786568191549,0.011406946725069457,0.5900000000000001,4.5,0.15951314818673867,4.0,4.2145932,1.7251800458373363,14.867640223573394,0.0,0.7435668894257798,0.31024899305412507,,-0.004247294947642159,3.1448970169795576,1.8244795029551546,0.019436029202311064,0.029787463304289764,0.89,1.0,0.41,0.41,0.21173709674300004,0.2779993443507503,4.114285714285714,1.7451011865391945,0.15869054057564336,0.13101141928166807,0.18663194444444445,0.1317373460704033,0.4118625936051349,0.12963710940265125,0.6481836123645173,0.5101200840215089,0.009999999999999998,0.027526217517380915,8.767131182750814,4.9542035420073746e-06,0.06302134318084507,2.460390551340934,0.4155900940606309,0.6299999999999999,7.0,0.08232726023485647,2.0,44751.0,95.0,GaussianNB,expected_error_reduction,0.5689495155322546
0,0.036908358328680634,0.02603016335436931,1.561429769763877,0.48896352682240946,0.9900990099009901,0.5836363636363637,6.0,0.12411671393364371,3.0,0.9743197211096905,0.06835826548002266,0.968198999516229,,0.0,1.1259823127953106,0.01236055205752941,0.013630675061271833,0.9743197211096905,0.6071830668768295,13.764232673267326,3.542533203665392,0.4874002309651099,0.09104716026335348,0.1190442566769231,0.10541440428966777,0.06905262592597022,0.08376694858253046,0.8776237623762376,0.6459517389910748,1.1978733474171284,0.5527272727272727,5.0,0.1389849071220091,4.0,47.82119894614645,0.9879579612754492,0.016203628035383326,0.01615617859936133,,0.0,,0.8910891089108911,,0.019801980198019802,,0.5,0.13302008754994454,,,1.72697304305275,,,0.7510768618945085,0.24178205375107484,6.738242574257426,2.1908182488100896,1.01,10.87181294882119,0.5531453329,0.5381142290820303,2.515375268926374,0.48681572504225634,14.466825895663007,17.15932008475097,0.03326858802237709,,0.01980198019801982,,0.17821782178217827,,18.0,4.944444444444445,1.4337208778404378,0.05555555555555555,0.07140827156461911,141.9047619047619,86.84263479010131,0.5,0.0,14.976815126941537,0.47545454545454546,2.0,0.20440736079213367,6.0,0.9809822566415057,0.204043284606,0.3175481429104014,4.198037200000001,1.7612008857279884,0.43239058552455445,0.3327048338970081,0.14412161000000004,0.27496653175057933,-0.021492,0.11368866085085445,0.02037422194719364,0.017556575791854052,0.6732673267326733,0.516022559637044,0.1941332029446,0.5544554455445545,0.4995047051780889,0.3069306930693069,0.46352074942607996,0.5509090909090909,4.0,0.20315238301687769,5.0,17.0,0.17,0.16831683168316833,2.4285714285714284,1.2724180205607036,1.1333333333333333,0.35186577527449836,100.0,0.0,0.0,2.0,0.012525252525252526,1.0,101.0,3.0,100.0,98.0,0.6753469676511341,75.6375164563744,,0.2898550724637682,0.17369346677373387,0.4536363636363636,1.0,0.21005268480754458,7.0,0.9374093026642268,0.010091059111659865,0.5445454545454544,3.0,0.11653475423231177,2.0,4.2195292,1.7199771564384396,14.976815126941537,0.0,0.7426608612856834,0.30880444615505936,,-0.0036024932833541292,3.150471908067331,1.8339194210178642,0.01924088533510492,0.02979726872956303,0.8811881188118812,0.9900990099009901,0.40594059405940597,0.41,0.21178235012262295,0.276152300484343,4.114285714285714,1.7451011865391945,0.15869054057564336,0.13101141928166807,0.18663194444444445,0.1317373460704033,0.4118625936051349,0.12882282940741374,0.6459517389910746,0.5064835928553645,0.01,0.026883204182272726,8.638819342170988,4.871633482973917e-06,0.06259069733577317,2.455064846916885,0.41139251281308575,0.6227272727272728,7.0,0.08234956510121934,1.0,44751.0,96.0,GaussianNB,expected_error_reduction,0.5678016332982085
0,0.03779209083682015,0.027753953731578906,1.5552357101374423,0.48844116192242976,0.9803921568627451,0.5963636363636363,6.0,0.09272925329633705,2.0,0.9774178175281716,0.06040268456375841,0.9686560806009007,,0.0,1.0535058985158636,0.012035253108861318,0.013570455014895502,0.9774178175281716,0.6110985533453888,13.879289215686274,3.5513549155316295,0.4894453986868677,0.08591260538744332,0.11876391767162438,0.10488338754766574,0.06901050762678908,0.08334769263700802,0.8794408852649971,0.6467341339856904,1.1939218697218703,0.5163636363636364,3.0,0.13359478498369354,4.0,49.10073268459232,0.9883657605239713,0.015547572471553148,0.015982148830174833,,0.0,,0.8921568627450981,,0.0196078431372549,,0.5,0.12478354962115547,,,1.6602220863519495,,,0.7562788045215352,0.23836622702426927,6.819852941176471,2.156096082855798,1.02,10.885198542742163,0.553169038225,0.5359690411016101,2.512747148186375,0.4860009999830207,14.462000894787813,17.31306114445721,0.03297379256923472,,0.019607843137254943,,0.1470588235294118,,19.0,5.157894736842105,1.5727950313140984,0.05263157894736842,0.06372218244438556,173.94285714285715,109.47957754172712,0.5,0.03721614637823934,15.206037725605906,0.4600000000000001,2.0,0.1789264999331534,5.0,0.9811610918877355,0.20232542712059998,0.3171338339980237,4.203519200000001,1.7572336752980162,0.4322154682154902,0.33075555097798526,0.14197790600000001,0.26980656660674834,-0.021492,0.11368866085085445,0.01990637947923907,0.016981999589097626,0.6666666666666666,0.5158517743494027,0.1930903772359804,0.5490196078431373,0.500048531909845,0.3137254901960784,0.46629766035944037,0.5845454545454545,5.0,0.18392965877088424,6.0,18.0,0.18,0.17647058823529413,2.5714285714285716,1.1338934190276817,1.125,0.3415650255319866,100.0,0.0,0.0,2.0,0.012323232323232323,1.0,102.0,3.0,100.0,98.0,0.6774944044487072,77.1275023797995,,0.2898550724637681,0.17469209333176305,0.4363636363636364,1.0,0.19713279960352234,7.0,0.9382946024850987,0.009668662913965793,0.5399999999999999,4.0,0.1282931674828133,3.0,4.225011200000001,1.7158452814603236,15.206037725605906,0.0,0.7436155395909068,0.30776165391553106,,-0.003779886223104077,3.1489359611359475,1.8383120803169257,0.019033827895599643,0.02962163595908855,0.8823529411764706,0.9803921568627451,0.4019607843137255,0.41,0.21162249689483872,0.27409813133171007,4.324324324324325,1.856730310908789,0.15669493895863326,0.13945504284751653,0.17598684210526316,0.1369447145821031,0.4118625936051349,0.1295661730611229,0.6467341339856904,0.5046394436398,0.01,0.025785973211615958,9.007152330980581,4.755642209569777e-06,0.061705397514901346,2.4563889558524323,0.40868682410423124,0.6072727272727272,7.0,0.045515111164893554,1.0,44751.0,97.0,GaussianNB,margin_sampling,0.5678016332982085
0,0.04051135039775866,0.02498670898219779,1.5627813367507977,0.4883472255009681,0.970873786407767,0.4872727272727272,3.0,0.0986781320119799,3.0,0.9753130577847331,0.06581586144029172,0.9688710589104547,,0.0,1.070416176039908,0.012163804032747172,0.013409417253921203,0.9753130577847331,0.6147214854111406,14.124393203883495,3.629748254585853,0.4878609767884225,0.09018274511057688,0.11842733722920243,0.10456084446220305,0.06838280049535202,0.08253009331249112,0.8800685322672759,0.6426614799666917,1.1832950119612538,0.48818181818181816,4.0,0.14057797525147203,4.0,48.32495752382065,0.9883737259360447,0.01501465352933256,0.01581974765209048,,0.0,,0.8932038834951457,,0.0,,0.5,0.13043717322858642,,,1.6624426011022506,,,0.7594058712531075,0.23381942266077463,6.910194174757281,2.2237011503997706,1.03,10.853904922373689,0.55307363784,0.5321904283888049,2.517912006226054,0.4858697071025977,14.542541772290571,17.471841354412373,0.03264714130042179,,0.01941747572815533,,0.12621359223300976,,21.0,5.285714285714286,1.6775832957816772,0.047619047619047616,0.06261230926588451,222.9904761904762,184.63679455829464,0.5,0.03367175148507373,15.316175846071667,0.46909090909090906,2.0,0.14994336243247777,5.0,0.981430860590065,0.20349498947400005,0.31545523823343685,4.203519200000001,1.7572336752980162,0.43231675522310675,0.33127528238167886,0.14363388000000002,0.2728687167265988,-0.021492,0.11368866085085445,0.020182388309477054,0.01756134706258702,0.6699029126213593,0.5157399201686774,0.19214487784111695,0.5533980582524272,0.49957148970845594,0.32038834951456313,0.4689076215098176,0.5781818181818181,6.0,0.17649791826397032,6.0,20.0,0.2,0.1941747572815534,2.5,1.1952286093343936,1.1111111111111112,0.4714045207910317,100.0,0.0,0.0,2.0,0.012323232323232323,1.0,103.0,3.0,100.0,98.0,0.6760354961667867,76.43292383374478,,0.2890173410404624,0.1736952414292452,0.4409090909090909,1.0,0.19733067156271966,7.0,0.9387111287942657,0.008015471678154395,0.5654545454545454,5.0,0.0744493097652215,1.0,4.225011200000001,1.7158452814603236,15.316175846071667,0.0,0.7413039039813818,0.3067094863199385,,-0.003251093777778076,3.1528430872136037,1.8461021015907333,0.01881349617055029,0.029641410891044138,0.883495145631068,0.970873786407767,0.4077669902912621,0.42,0.21382017297587302,0.2756412363704909,4.439024390243903,1.9627631095958178,0.12151703741496271,0.10019809033284734,0.1715029761904762,0.13010747581955814,0.4111490022622143,0.12898603246130416,0.6426614799666917,0.5015798192572734,0.01,0.023936886501278138,8.967231746279891,4.677680861871912e-06,0.06128887120573436,2.4484424360878716,0.40919535083421416,0.6009090909090908,7.0,0.08402741255451142,2.0,44751.0,98.0,GaussianNB,expected_error_reduction,0.5660418491964576
0,0.03623509033715692,0.03755292538346372,1.5606362887132792,0.48744863665727384,0.9615384615384616,0.519090909090909,5.0,0.08671645105387585,2.0,0.9782823907994933,0.058168761220825815,0.9693065830165832,,0.0,1.1063124143278438,0.01222009040779714,0.013833757791276088,0.9782823907994933,0.6023113528212101,14.338341346153847,3.687133441721401,0.4899087372271538,0.08419047788929222,0.11812241748519335,0.10442952427414674,0.06786817798957233,0.08207632599515936,0.8737864077669903,0.6394421710085894,1.1762162519201222,0.4836363636363637,2.0,0.1408879097798331,5.0,48.693724738284416,0.9883152924380292,0.014588840389122662,0.015653058518528207,,0.0,,0.8942307692307693,,0.0,,0.5,0.1223838659745948,,,1.6739136063003468,,,0.7551159764894891,0.23969237564446427,7.050480769230769,2.2195609403281704,1.04,10.824294272312837,0.54981846042,0.5307661420589362,2.5188281566362107,0.48523480331266233,14.677568359215158,17.65890214909051,0.03223520983328154,,0.019230769230769273,,0.08653846153846156,,23.0,4.956521739130435,1.147260011329968,0.043478260869565216,0.07252909103252406,171.5047619047619,99.62097520752695,0.5,0.03074377309506726,15.544034528903587,0.510909090909091,3.0,0.1259527510634807,4.0,0.9816013313609467,0.2048896357116,0.319577563399517,4.203519200000001,1.7572336752980162,0.4315472144325,0.33215709054896264,0.144438536,0.27443766257692087,-0.021492,0.11368866085085445,0.02009052287656153,0.017601108632217387,0.6442307692307693,0.5154468132618691,0.19124527705552263,0.5576923076923077,0.4990655943992427,0.3076923076923077,0.4637735276929868,0.5909090909090909,6.0,0.17653953531672134,6.0,22.0,0.22,0.21153846153846154,3.142857142857143,1.9518001458970664,1.2941176470588236,0.5878675320972555,100.0,0.0,0.0,2.0,0.012323232323232323,1.0,104.0,3.0,100.0,98.0,0.6780936809741114,76.68022257568938,,0.28901734104046245,0.1740410745341731,0.4563636363636364,1.0,0.17900859514276465,7.0,0.9395552518792843,0.008660787880089577,0.5181818181818181,4.0,0.10619039677536503,3.0,4.225011200000001,1.7158452814603236,15.544034528903587,0.0,0.7393296150119649,0.30622150063204684,,-0.003179759272448924,3.163816362594026,1.8578858923159522,0.01858937137533061,0.029419165254567243,0.8846153846153846,0.9615384615384616,0.40384615384615385,0.42,0.21476936391375007,0.27719921703731354,4.088888888888889,1.592913600096922,0.16405731193594314,0.1145797567512501,0.17866847826086957,0.09707366988277959,0.4111490022622143,0.12914470578577641,0.6394421710085895,0.4993590646136299,0.01,0.028477175273573685,8.877945170230138,4.568897586014425e-06,0.06044474812071566,2.441667969216163,0.40921861857159136,0.6336363636363636,7.0,0.07594522215173757,1.0,44751.0,99.0,GaussianNB,expected_error_reduction,0.5666265471021488
