,attr_conc.mean,attr_conc.sd,attr_ent.mean,attr_ent.sd,attr_to_inst,best_node.mean,best_node.sd,can_cor.mean,can_cor.sd,cat_to_num,class_conc.mean,class_conc.sd,class_ent,cor.mean,cor.sd,cov.mean,cov.sd,eigenvalues.mean,eigenvalues.sd,elite_nn.mean,elite_nn.sd,eq_num_attr,freq_class.mean,freq_class.sd,g_mean.mean,g_mean.sd,gravity,h_mean.mean,h_mean.sd,inst_to_attr,iq_range.mean,iq_range.sd,joint_ent.mean,joint_ent.sd,kurtosis.mean,kurtosis.sd,leaves,leaves_branch.mean,leaves_branch.sd,leaves_corrob.mean,leaves_corrob.sd,leaves_homo.mean,leaves_homo.sd,leaves_per_class.mean,leaves_per_class.sd,lh_trace,linear_discr.mean,linear_discr.sd,mad.mean,mad.sd,max.mean,max.sd,mean.mean,mean.sd,median.mean,median.sd,min.mean,min.sd,mut_inf.mean,mut_inf.sd,naive_bayes.mean,naive_bayes.sd,nodes,nodes_per_attr,nodes_per_inst,nodes_per_level.mean,nodes_per_level.sd,nodes_repeated.mean,nodes_repeated.sd,nr_attr,nr_bin,nr_cat,nr_class,nr_cor_attr,nr_disc,nr_inst,nr_norm,nr_num,nr_outliers,ns_ratio,num_to_cat,one_nn.mean,one_nn.sd,p_trace,random_node.mean,random_node.sd,range.mean,range.sd,roy_root,sd.mean,sd.sd,sd_ratio,skewness.mean,skewness.sd,sparsity.mean,sparsity.sd,t_mean.mean,t_mean.sd,tree_depth.mean,tree_depth.sd,tree_imbalance.mean,tree_imbalance.sd,tree_shape.mean,tree_shape.sd,var.mean,var.sd,var_importance.mean,var_importance.sd,w_lambda,worst_node.mean,worst_node.sd,dataset_id,query_number,estimator,best_strategy,best_score
0,0.5,0.0,0.0,0.0,2.6,,,0.9999999999999999,,0.0,0.500000005551115,0.0,0.9709505944546688,0.40659697643713894,0.2545867610544019,9.43397435897436,28.890448218832613,176.32707692307693,399.38930587553745,,,117477890.62632747,0.5,0.14142135623730948,46.9805272452776,83.96154860915965,52.023456248119466,46.496253984050504,83.22431724021419,0.38461538461538464,5.461538461538462,10.96673291227751,0.9709505861897045,2.3111135221866393e-16,-1.5037777050707166,0.5491689721598737,2.0,1.0,0.0,0.5,0.14142135623730948,4.0,0.0,0.5,0.0,4503599627370495.0,,,3.649476923076923,7.975216361762422,55.66153846153846,96.32751024898977,47.71692307692309,84.48399684601176,48.61538461538461,86.80393468572193,37.76923076923077,66.73099460539787,8.264964490578564e-09,0.0,,,1.0,0.07692307692307693,0.2,1.0,,1.0,,13.0,7.0,0.0,2.0,0.41025641025641024,1.0,5.0,5.0,13.0,8.0,-1.0,,,,0.9999999999999998,,,17.892307692307693,30.243193767040697,4503599627370495.0,7.06696910324106,11.701158489724678,,0.13051316776657712,0.7392674195770939,0.2275641025641026,0.17481420743894682,48.384615384615394,86.53342815371519,0.6666666666666666,0.5773502691896258,0.5,,0.5,0.0,176.32707692307693,384.2439004040839,0.07692307692307693,0.2773500981126146,2.2204460492503185e-16,,,statlog-heart.arff,0,KNeighborsClassifier,training_utility_sampling,0.3584905660377359
0,0.5,0.0,0.0,0.0,2.1666666666666665,,,1.0,,0.0,0.5000000055511151,0.0,0.9182958340544894,0.37042525441138363,0.25235550739961227,37.21854700854701,153.74367908647386,1262.9437948717953,4295.15068900324,,,128349490.11010513,0.5,0.23570226039551584,49.79594704913158,91.87430171337124,79.50918185970725,48.56009408234569,88.92515251937445,0.46153846153846156,7.130769230769231,10.806605589128084,0.9182958268998381,1.1555567610933196e-16,-1.3805530037316887,0.8316626134288828,2.0,1.0,0.0,0.5,0.23570226039551584,4.0,0.0,0.5,0.0,inf,,,5.132076923076923,8.190507028684065,75.66153846153847,158.87203203869007,51.579487179487174,95.54617706411362,49.19230769230769,87.62646538516452,37.53846153846154,66.43494986904531,7.154651204821505e-09,0.0,,,1.0,0.07692307692307693,0.16666666666666666,1.0,,1.0,,13.0,6.0,0.0,2.0,0.3205128205128205,1.0,6.0,3.0,13.0,5.0,-1.0,,,,1.0,,,38.12307692307692,96.80941891026713,inf,13.872174122463772,34.05459530890794,,0.24503580623888507,0.7547924977973509,0.2307692307692308,0.17974340685458345,49.06923076923077,87.94243983628708,0.6666666666666666,0.5773502691896258,0.5,,0.5,0.0,1262.9437948717948,4257.577779999879,0.07692307692307693,0.2773500981126146,0.0,,,statlog-heart.arff,1,KNeighborsClassifier,training_utility_sampling,0.4098053014309172
0,0.5,0.0,0.0,0.0,1.8571428571428572,,,0.9999999999999997,,0.0,0.5,0.0,0.9852281360342515,0.33591565056723005,0.2269373190796271,36.943284493284494,148.13304839041032,1377.070183150182,4717.579923851066,,,115144796.4483666,0.5,0.10101525445522107,47.02743760072485,84.8547881371845,113.32310738179865,45.37375772284581,80.74661472374413,0.5384615384615384,9.6,16.552592948941058,0.9852281274778236,1.1555567610933196e-16,-1.0745517996523242,0.9807490197210995,2.0,1.0,0.0,0.5,0.10101525445522107,4.0,0.0,0.5,0.0,1501199875790164.2,,,7.162098461538462,13.172546352548196,75.81538461538462,158.79465695332155,49.21978021978021,89.54035337355218,48.215384615384615,86.40854361842011,32.38461538461539,53.861765136223895,8.556427788519727e-09,0.0,,,1.0,0.07692307692307693,0.14285714285714285,1.0,,1.0,,13.0,5.0,0.0,2.0,0.24358974358974358,1.0,7.0,5.0,13.0,5.0,-1.0,,,,0.9999999999999993,,,43.43076923076923,113.51451731397903,1501199875790164.2,14.323133809420778,35.63113604859161,,0.27484604518986633,0.8308647764412643,0.22329059829059827,0.17898727187925073,47.26769230769231,84.01805898672878,0.6666666666666666,0.5773502691896258,0.5,,0.5,0.0,1377.070183150183,4685.74549985705,0.07692307692307693,0.2773500981126146,6.66133814775094e-16,,,statlog-heart.arff,2,KNeighborsClassifier,training_utility_sampling,0.41982936157693446
0,0.22747230142266028,0.22459789735800495,0.7398887031667221,0.3665718119952572,1.625,,,0.9999999999999997,,0.0,0.1843223001456441,0.2141868841876657,0.954434002924965,0.3238947568150986,0.22879039310511468,26.911446886446882,99.891806102922,1275.1951648351646,4312.10644507188,,,10.51260947372142,0.5,0.1767766952966369,46.119771186542074,82.72514998467155,90.58880578379059,44.58733468374476,79.04583839478234,0.6153846153846154,12.05,23.177197846159057,1.6035332588749154,0.371715043509291,-0.9057412509646782,1.2597597960658988,2.0,1.0,0.0,0.5,0.1767766952966369,4.0,0.0,0.5,0.0,1501199875790164.2,,,8.884195384615385,19.454049284179295,75.96923076923078,158.89444811265636,48.19230769230769,87.08874507782718,47.83846153846154,85.97658148648716,31.384615384615383,52.565100053074595,0.09078944721677171,0.1536832217631273,,,1.0,0.07692307692307693,0.125,1.0,,1.0,,13.0,5.0,0.0,2.0,0.23076923076923075,1.0,8.0,4.0,13.0,5.0,7.149501135304203,,,,0.9999999999999993,,,44.58461538461539,113.541958809316,1501199875790164.2,14.093672987203714,34.150800509583085,,0.4331120055557125,0.8278358798875225,0.22501308215593932,0.18591604704081852,46.364102564102566,81.89850478165084,0.6666666666666666,0.5773502691896258,0.5,,0.5,0.0,1275.195164835165,4296.13678437786,0.07692307692307693,0.2773500981126146,6.66133814775094e-16,,,statlog-heart.arff,3,KNeighborsClassifier,training_utility_sampling,0.3584905660377359
0,0.18347282243857577,0.1971404559894234,0.7319279689090664,0.3535159243420718,1.4444444444444444,,,0.9999999999999999,,0.0,0.13131863416017284,0.18419800371378373,0.9182958340544894,0.2966613869191455,0.21941054817021607,23.46381766381766,86.04647060519325,1135.441623931624,3831.809593504749,,,20.019729688350978,0.5,0.23570226039551584,46.10721639860771,82.37428941610489,79.69856404673241,44.73261382356634,79.12482739392664,0.6923076923076923,11.323076923076922,21.545848550094046,1.6043542608493673,0.35722546728069404,-0.6139047928919958,1.5516821395323501,2.0,1.0,0.0,0.5,0.23570226039551584,4.0,0.0,0.5,0.0,4503599627370495.0,,,6.81996,14.416077446684309,75.96923076923078,158.89444811265636,47.99316239316239,86.2478161634975,48.44615384615384,86.44760084760995,31.384615384615383,52.565100053074595,0.04586954211418873,0.080631208684664,,,1.0,0.07692307692307693,0.1111111111111111,1.0,,1.0,,13.0,5.0,0.0,2.0,0.1794871794871795,1.0,9.0,4.0,13.0,6.0,14.956731529758628,,,,0.9999999999999998,,,44.58461538461539,113.541958809316,4503599627370495.0,13.357949686985812,32.19871691697064,,0.4943361540837371,0.9264116199987894,0.2315934065934066,0.1872937813182976,46.36923076923077,81.62048100775446,0.6666666666666666,0.5773502691896258,0.5,,0.5,0.0,1135.4416239316238,3818.453831605186,0.07692307692307693,0.2773500981126146,2.2204460492503185e-16,,,statlog-heart.arff,4,KNeighborsClassifier,training_utility_sampling,0.3584905660377359
0,0.1528083961074521,0.16933415137040964,0.8213803892625672,0.2942952629431386,1.3,,,1.0,,0.0,0.1336705136091959,0.17363079855145194,0.8812908992306927,0.26930497391382985,0.19013861756383008,20.186467236467234,73.20588156391902,1039.19094017094,3442.6648880560356,,,10.821271180400805,0.5,0.282842712474619,46.10222382150028,82.23606970832964,75.78168608297277,44.79635904928905,79.27542203386622,0.7692307692307693,10.684615384615386,19.163043693258743,1.6212306809584571,0.3045595478422513,-0.4912576817236899,1.8509768340583947,2.0,1.0,0.0,0.5,0.282842712474619,4.0,0.0,0.5,0.0,inf,,,7.276144615384615,15.01340983480691,77.66153846153847,160.11492507186588,47.900000000000006,85.75965446136856,46.638461538461534,82.55654161907803,31.076923076923077,52.48406351528932,0.08144060753480266,0.1267693210574599,,,1.0,0.07692307692307693,0.1,1.0,,1.0,,13.0,5.0,0.0,2.0,0.14102564102564102,1.0,10.0,4.0,13.0,5.0,9.08563681099211,,,,1.0,,,46.58461538461539,114.03322502786811,inf,13.138597419295518,30.639553105857683,,0.473976986671226,0.9586074524462934,0.23622981956315287,0.1910117975979066,46.33076923076923,81.54641993360963,0.6666666666666666,0.5773502691896258,0.5,,0.5,0.0,1039.1909401709402,3431.890001989326,0.07692307692307693,0.2773500981126146,0.0,,,statlog-heart.arff,5,KNeighborsClassifier,training_utility_sampling,0.3584905660377359
0,0.12672354261569907,0.15952712209496112,0.8257162970076315,0.28910693968547896,1.1818181818181819,,,1.0,,0.0,0.12419866963176002,0.17769557216768145,0.8453509366224364,0.26387714692732733,0.18458383744685578,16.621934731934736,60.34170630758417,958.9642937062937,3161.9505232939778,,,11.634445705687506,0.5,0.32141217326661253,45.6870607684701,81.24552769959702,67.92327741344151,44.479077554435335,78.54852982455843,0.8461538461538461,10.738461538461538,18.684598758582716,1.5984079116471404,0.30328122697895554,-0.48786737169904515,1.9455976917871647,2.0,1.0,0.0,0.5,0.32141217326661253,4.0,0.0,0.5,0.0,inf,,,7.960421538461538,15.49575719473013,77.66153846153847,160.11492507186588,47.37972027972028,84.49474400934352,44.98461538461538,78.7663405920093,31.076923076923077,52.48406351528932,0.07265932198292747,0.12357785746628966,,,1.0,0.07692307692307693,0.09090909090909091,1.0,,1.0,,13.0,5.0,0.0,2.0,0.1282051282051282,1.0,11.0,4.0,13.0,5.0,10.364216930095319,,,,1.0,,,46.58461538461539,114.03322502786811,inf,12.760024582028166,29.36820682138013,,0.5302604399474958,0.9224849773840378,0.23111111111111113,0.19547649390855643,45.825274725274724,80.29258743538905,0.6666666666666666,0.5773502691896258,0.5,,0.5,0.0,958.9642937062939,3153.9834546647958,0.07692307692307693,0.2773500981126146,0.0,,,statlog-heart.arff,6,KNeighborsClassifier,training_utility_sampling,0.3584905660377359
0,0.12898237582343125,0.15560898702933418,0.8282404807912032,0.2984071980310826,1.0833333333333333,,,1.0,,0.0,0.12936318116159598,0.17968026137947457,0.8112781244591328,0.2565997793320521,0.17582452324855172,17.882284382284382,64.62962769343964,918.2268764568756,2989.4107531031573,,,10.810137661138503,0.5,0.3535533905932738,45.607533026121814,80.50349723012641,60.552929606672365,44.43537480928266,77.9652896891819,0.9230769230769231,10.753846153846155,19.845554304201876,1.5644707057794898,0.3123734617106973,-0.25039750416559853,2.225737927552465,2.0,1.0,0.0,0.5,0.3535533905932738,4.0,0.0,0.5,0.0,inf,,,7.481427692307691,15.454118636886715,78.58461538461539,160.66282419067295,47.26794871794872,83.6002532064487,45.24230769230769,79.06822435444029,31.076923076923077,52.48406351528932,0.07504789947084638,0.12428600979772998,,,1.0,0.07692307692307693,0.08333333333333333,1.0,,1.0,,13.0,5.0,0.0,2.0,0.11538461538461538,1.0,12.0,4.0,13.0,5.0,10.036158062131333,,,,1.0,,,47.50769230769231,114.15552593967627,inf,12.73136839558055,28.620809384705215,,0.5583363291615607,1.0044707312093641,0.2322041594768868,0.19949012260801674,45.5923076923077,79.35871117945466,0.6666666666666666,0.5773502691896258,0.5,,0.5,0.0,918.2268764568767,2979.73402709839,0.07692307692307693,0.2773500981126146,0.0,,,statlog-heart.arff,7,KNeighborsClassifier,training_utility_sampling,0.3584905660377359
0,0.09704853143046432,0.1216416490707905,0.8381869028241253,0.27687740754143375,1.0,0.9,0.31622776601683794,0.9999999999999998,,0.0,0.10081571115224178,0.155307462278402,0.7793498372920851,0.2495276157107146,0.16293440380931315,17.79183103221565,63.525516388671896,861.8245463510846,2795.897665779302,0.85,0.3374742788552764,14.484259190939355,0.5,0.38074980525429486,45.13162834425505,79.61153888365713,53.82438480837471,44.030600716346115,77.25660256737397,1.0,11.169230769230769,20.05755820197566,1.563730064398918,0.26861882839579604,-0.5584388525035539,1.597792518277187,4.0,2.25,0.9574271077563381,0.25,0.2970930827245248,9.333333333333332,1.5396007178390019,0.5,0.0,2251799813685247.0,0.8,0.34960294939005054,7.139289230769231,14.782179533326868,78.58461538461539,160.66282419067295,46.740828402366866,82.50281110413731,45.138461538461534,78.94902932126037,31.076923076923077,52.48406351528932,0.05380667571729235,0.09434706478142905,0.75,0.3535533905932738,3.0,0.23076923076923078,0.23076923076923078,1.0,0.0,1.5,0.7071067811865476,13.0,5.0,0.0,2.0,0.07692307692307693,1.0,13.0,4.0,13.0,5.0,14.577749259740079,,0.95,0.15811388300841897,0.9999999999999996,0.65,0.4116363011742823,47.50769230769231,114.15552593967627,2251799813685247.0,12.405074114676777,27.693565548224964,,0.5231332255064447,0.874632714437101,0.23399864024864028,0.2019492237333208,45.01709401709401,78.24816549676252,1.7142857142857142,1.1126972805283737,0.2580005327400437,0.08275120230510061,0.4375,0.07216878364870322,861.8245463510847,2785.8822324519,0.07692307692307693,0.20089941991722357,4.440892098500646e-16,0.85,0.24152294576982394,statlog-heart.arff,8,KNeighborsClassifier,training_utility_sampling,0.6969270466807413
0,0.10206049952843947,0.1492344759646223,0.8398874894142181,0.28006031392532454,0.9285714285714286,0.65,0.4116363011742823,0.9999999999999998,,0.0,0.12228433538606773,0.1816740519119222,0.8631205685666311,0.22840513076053098,0.16710534456396742,16.1532403493942,59.06898866878523,797.4686897717661,2582.997946411568,0.55,0.49721446300587663,11.834203607113848,0.5,0.30304576336566325,45.03422819746797,79.53802319101796,46.2169005884211,43.998627703845244,77.34255603869511,1.0769230769230769,10.698076923076922,19.11684592386838,1.6300736555299915,0.2732881769798222,-0.3569093635338535,1.7957686314167804,4.0,2.25,0.9574271077563381,0.25,0.22208045364497178,9.333333333333332,1.5396007178390019,0.5,0.0,2251799813685247.0,0.5,0.408248290463863,7.4757253846153855,14.71612279169948,78.58461538461539,160.66282419067295,46.560439560439555,82.21293514960487,44.715384615384615,78.25776687922469,31.076923076923077,52.48406351528932,0.07293440245085753,0.13414262389845005,0.75,0.3535533905932738,3.0,0.23076923076923078,0.21428571428571427,1.0,0.0,1.0,0.0,13.0,5.0,0.0,2.0,0.07692307692307693,1.0,14.0,4.0,13.0,6.0,10.515656003079288,,0.85,0.3374742788552764,0.9999999999999996,0.7,0.34960294939005054,47.50769230769231,114.15552593967627,2251799813685247.0,11.989455195841138,26.61199839111251,,0.5497849348767816,0.9482146496190309,0.23744844898691053,0.20207594068839566,44.93692307692308,78.25866335265118,1.7142857142857142,1.1126972805283737,0.2580005327400437,0.08275120230510061,0.4375,0.07216878364870322,797.4686897717668,2573.6567315113425,0.07692307692307691,0.16238079125167904,4.440892098500646e-16,0.8,0.25819888974716115,statlog-heart.arff,9,KNeighborsClassifier,training_utility_sampling,0.6969270466807413
0,0.10550916994226554,0.14831035489281214,0.8335267142503076,0.28112988107804987,0.8666666666666667,0.6,0.39440531887330776,0.9933145926973669,,0.0,0.1113202305788772,0.16828160537889408,0.8366407419411673,0.2166240080266885,0.16525051769243548,15.252173382173378,62.9471298110402,778.0125054945055,2506.37218795143,0.55,0.3689323936863109,13.157380955067595,0.5,0.3299831645537222,44.741463154125846,78.77737160444771,43.36726185530333,43.6969906009565,76.63300182112724,1.1538461538461537,11.05,19.74364876781054,1.6065802768889759,0.2714740720422337,-0.21057303713218475,1.961131090033857,4.0,2.25,0.9574271077563381,0.25,0.23959842947608695,9.333333333333332,1.5396007178390019,0.5,0.0,74.04059733199567,0.7,0.4216370213557839,7.7095199999999995,15.167029400749506,78.58461538461539,160.66282419067295,46.26358974358975,81.40369618577864,45.138461538461534,78.94902932126037,30.53846153846154,52.3984977275357,0.0635871793024989,0.11487410791565607,0.7,0.34960294939005054,3.0,0.23076923076923078,0.2,1.0,0.0,1.0,0.0,13.0,5.0,0.0,2.0,0.05128205128205128,1.0,15.0,4.0,13.0,6.0,12.108408383473472,,0.85,0.24152294576982394,0.9866738800655359,0.65,0.3374742788552765,48.04615384615385,114.06209285139836,74.04059733199567,11.966518590504089,26.224343331672344,,0.572537309916913,0.9886667451396979,0.23916948436179208,0.20364293855365018,44.73333333333334,77.71622802713362,1.7142857142857142,1.1126972805283737,0.2580005327400437,0.08275120230510061,0.4375,0.07216878364870322,778.0125054945056,2495.601595898689,0.07692307692307693,0.164292262284299,0.013326119934464089,0.8,0.25819888974716115,statlog-heart.arff,10,KNeighborsClassifier,training_utility_sampling,0.6969270466807413
0,0.10561421393427767,0.14720188503356152,0.8253383165599932,0.2836772274117759,0.8125,0.8,0.34960294939005054,0.9920034205260216,,0.0,0.11018307165873772,0.17232464692222574,0.8112781244591328,0.21463282648284915,0.16799990595046835,14.089743589743588,59.79084599589255,734.1714358974363,2359.2501086111683,0.7,0.34960294939005054,13.067680486427024,0.5,0.3535533905932738,44.62041547446024,78.56038012718666,42.48569693961069,43.63159609617104,76.54512112547333,1.2307692307692308,10.788461538461538,18.92745089640698,1.5745336463485815,0.2748888790388576,-0.034338631147953894,2.163209912870269,4.0,2.25,0.9574271077563381,0.25,0.2551551815399144,9.333333333333332,1.5396007178390019,0.5,0.0,61.77773787526919,0.6,0.39440531887330776,7.0252430769230765,12.967247463788262,78.58461538461539,160.66282419067295,46.06923076923077,81.03418495060572,44.25384615384615,77.10255740878092,30.53846153846154,52.3984977275357,0.062082794670544714,0.11750369521785052,0.7,0.34960294939005054,3.0,0.23076923076923078,0.1875,1.0,0.0,1.0,0.0,13.0,5.0,0.0,2.0,0.0641025641025641,1.0,16.0,3.0,13.0,5.0,12.294155344324027,,0.85,0.24152294576982394,0.984070786335327,0.6,0.31622776601683794,48.04615384615385,114.06209285139836,61.77773787526919,11.671188856158258,25.45160804605019,,0.6510143320370342,1.022327497236207,0.24168310322156478,0.2038009511798782,44.59076923076923,77.52305318006363,1.7142857142857142,1.1126972805283737,0.2580005327400437,0.08275120230510061,0.4375,0.07216878364870322,734.1714358974358,2348.957606978325,0.07692307692307693,0.1659528875123726,0.015929213664673033,0.8,0.25819888974716115,statlog-heart.arff,11,KNeighborsClassifier,training_utility_sampling,0.7153488372093023
0,0.10778229753559847,0.14681243465592708,0.8381918729300403,0.2844192087971285,0.7647058823529411,0.75,0.3535533905932738,0.9873607418885478,,0.0,0.12925089046437657,0.17429183400540654,0.8739810481273579,0.2207405686881873,0.1617955697095787,14.324500377073909,56.10109118446555,699.3009106334838,2237.213593116842,0.75,0.3535533905932738,11.283004717707414,0.5,0.29116161578269606,44.5258192210232,78.13231398261993,44.06826762094367,43.575189423609054,76.228161979791,1.3076923076923077,11.261538461538462,18.969868144926508,1.6347129651330914,0.27602975315020595,-0.08562416570583274,2.245695920982671,5.0,2.8,1.3038404810405297,0.2,0.23008949665421113,14.666666666666668,5.055250296034367,0.5,0.14142135623730948,38.81087386181209,0.7,0.34960294939005054,6.797150769230769,11.516956365789865,78.61538461538461,160.64688940942204,45.94751131221719,80.46819922714862,43.9076923076923,75.73425536636269,30.53846153846154,52.3984977275357,0.07745995592430645,0.12828865390328256,0.75,0.3535533905932738,4.0,0.3076923076923077,0.23529411764705882,1.0,0.0,1.0,0.0,13.0,4.0,0.0,2.0,0.038461538461538464,1.0,17.0,4.0,13.0,5.0,9.820970176501493,,0.7,0.34960294939005054,0.9748812346227036,0.7,0.34960294939005054,48.07692307692308,114.04857264813499,38.81087386181209,11.46867788598926,24.80089782708105,,0.5985521469965555,1.023590537956523,0.22816579787733632,0.19549178210542528,44.49090909090909,76.94337369014265,2.2222222222222223,1.3944333775567928,0.19825712630196757,0.11291388205586965,0.375,0.125,699.3009106334841,2227.569619107626,0.07692307692307693,0.16703732138594696,0.02511876537729641,0.65,0.3374742788552764,statlog-heart.arff,12,KNeighborsClassifier,training_utility_sampling,0.7153488372093023
0,0.11107001282938189,0.14722370541966498,0.8315232786224919,0.2866849117667442,0.7222222222222222,0.8,0.34960294939005054,0.9813889691204863,,0.0,0.12116931404787992,0.16574216868659838,0.8524051786494786,0.2200119290569281,0.1594035603813639,15.63421317244847,60.59677158617609,680.3772649572645,2139.1483670820903,0.75,0.3535533905932738,12.042529027461436,0.5,0.31426968052735443,44.418232625734085,77.98360703997136,44.82562813032415,43.44884823756323,76.13691208197552,1.3846153846153846,10.911538461538461,18.47102634134238,1.6131455530576084,0.27593625138783445,0.09903452886437734,2.4198267035023817,5.0,2.8,1.3038404810405297,0.2,0.2408831487630978,14.666666666666668,5.055250296034367,0.5,0.14142135623730948,26.118135689251673,0.75,0.3535533905932738,6.523439999999999,10.562419494784328,79.23076923076923,161.1402876616903,45.84786324786325,80.2453745169819,43.98461538461538,75.60794541750496,30.076923076923077,52.38234680128656,0.07078290421436216,0.11682902706077886,0.8,0.25819888974716115,4.0,0.3076923076923077,0.2222222222222222,1.0,0.0,1.0,0.0,13.0,4.0,0.0,2.0,0.038461538461538464,1.0,18.0,3.0,13.0,5.0,10.74751570102675,,0.75,0.3535533905932738,0.9631243087113709,0.65,0.3374742788552764,49.15384615384615,114.2642012719106,26.118135689251673,11.534081286277523,24.350648588050138,,0.6373566881163458,1.0700347913757156,0.2300608095657337,0.19574553824885935,44.36666666666666,76.6636373193774,2.2222222222222223,1.3944333775567928,0.19825712630196757,0.11291388205586965,0.375,0.125,680.3772649572651,2127.3585888729017,0.07692307692307693,0.1691236995387781,0.0368756912886291,0.75,0.26352313834736496,statlog-heart.arff,13,KNeighborsClassifier,training_utility_sampling,0.7153488372093023
0,0.14328532940960592,0.1792977778342764,0.7434991026355886,0.35917259614097274,0.6842105263157895,0.8,0.25819888974716115,0.9812247230731512,,0.0,0.13370498557953475,0.1836930246444697,0.8314743880097293,0.21709723665347594,0.1616471235630653,15.207077522866994,58.57536609084652,646.467273954116,2022.8012700990428,0.75,0.26352313834736496,18.267402834032207,0.5,0.33494531740415406,44.52063436266907,78.1690758175318,45.14886994314317,43.587719953642754,76.40272752544765,1.4615384615384615,10.176923076923078,16.632756528717355,1.5294566541489611,0.3429226650203111,0.27384405781080284,2.6085892631203897,5.0,2.8,1.3038404810405297,0.2,0.2507606157804546,14.666666666666668,5.055250296034367,0.5,0.14142135623730948,25.883134808184852,0.85,0.24152294576982394,6.363775384615385,10.449694203940943,79.23076923076923,161.1402876616903,45.900404858299595,80.31328864325059,44.29230769230769,76.0778818222754,30.076923076923077,52.38234680128656,0.04551683649635682,0.08277060482822036,0.7,0.4216370213557839,4.0,0.3076923076923077,0.21052631578947367,1.0,0.0,1.0,0.0,13.0,4.0,0.0,2.0,0.0641025641025641,1.0,19.0,3.0,13.0,5.0,15.334595280915412,,0.75,0.26352313834736496,0.9628019571699823,0.55,0.3689323936863109,49.15384615384615,114.2642012719106,25.883134808184852,11.29587115566825,23.70885452429913,,0.6633156596079863,1.1237370457632658,0.2318334976988823,0.1958871283627855,44.55739644970416,77.05445784329746,2.2222222222222223,1.3944333775567928,0.19825712630196757,0.11291388205586965,0.375,0.125,646.4672739541163,2011.140609342551,0.07692307692307694,0.17093570303629702,0.03719804283001771,0.65,0.3374742788552765,statlog-heart.arff,14,KNeighborsClassifier,density_weighted_sampling,0.7153488372093023
0,0.09466692926508423,0.1393016479365015,0.8216856900011801,0.2879236814390675,0.65,0.8,0.25819888974716115,0.9700704596007291,,0.0,0.11553643522266087,0.15702375183610026,0.8112781244591328,0.21298505747468935,0.15550068980000104,14.327834008097167,55.09957529220052,615.7959514170041,1926.4163225727386,0.75,0.26352313834736496,12.454670417116999,0.5,0.3535533905932738,44.42380003196742,77.96013932562714,43.89171726470091,43.53547682413103,76.28308541510044,1.5384615384615385,9.261538461538462,14.567360116686576,1.5678253485444138,0.2742119133994979,0.3723266524886918,2.8023288977772753,5.0,2.8,1.3038404810405297,0.2,0.2598076211353316,14.666666666666668,5.055250296034367,0.5,0.14142135623730948,15.959701071122328,0.9,0.21081851067789198,6.24972923076923,9.886812738244194,79.23076923076923,161.1402876616903,45.74615384615386,79.99893088227925,43.86923076923077,75.59418391004458,30.076923076923077,52.38234680128656,0.06513846591589913,0.10309603302026597,0.8,0.25819888974716115,4.0,0.3076923076923077,0.2,1.0,0.0,1.3333333333333333,0.5773502691896257,13.0,4.0,0.0,2.0,0.05128205128205128,1.0,20.0,3.0,13.0,6.0,11.614446448003028,,0.75,0.26352313834736496,0.9410366965899698,0.65,0.3374742788552764,49.15384615384615,114.2642012719106,15.959701071122328,11.036122494913574,23.133668415006202,,0.70085909473659,1.124792616008191,0.23308955166477632,0.19641773585778838,44.28333333333333,76.5622014733409,2.2222222222222223,1.3944333775567928,0.19825712630196757,0.11291388205586965,0.375,0.125,615.7959514170042,1915.5807452099805,0.07692307692307693,0.2086165778090264,0.0589633034100302,0.75,0.26352313834736496,statlog-heart.arff,15,KNeighborsClassifier,density_weighted_sampling,0.6969270466807413
0,0.13268824225282,0.17718350257386814,0.7378291204024335,0.3594389011571113,0.6190476190476191,0.8,0.25819888974716115,0.9625736836735809,,0.0,0.12360930834099924,0.17858443629179693,0.7918583525674836,0.20644895634380447,0.15420046663637604,13.650073260073263,52.52527093618083,585.7764285714285,1831.7089066412786,0.7666666666666666,0.2509242175696937,21.182346720237657,0.5,0.3703892663358106,44.47748468289494,78.01356478088016,43.10756647619998,43.62664559780299,76.41391314344523,1.6153846153846154,8.261538461538462,12.611736495657425,1.4923045350440196,0.34474052850033465,0.5344631069486658,3.0048945477162614,5.0,2.8,1.3038404810405297,0.2,0.26810834781446186,14.666666666666668,5.055250296034367,0.5,0.14142135623730948,12.614351056438174,0.85,0.24152294576982397,6.021636923076924,9.947339764867948,79.23076923076923,161.1402876616903,45.74725274725275,79.94951256616525,44.29230769230769,76.0778818222754,30.076923076923077,52.38234680128656,0.03738293792589754,0.06323438617685335,0.7833333333333333,0.28382310609877337,4.0,0.3076923076923077,0.19047619047619047,1.0,0.0,1.0,0.0,13.0,4.0,0.0,2.0,0.05128205128205128,1.0,21.0,3.0,13.0,7.0,18.737055494808832,,0.75,0.26352313834736496,0.926548096500927,0.7166666666666666,0.24907235301622105,49.15384615384615,114.2642012719106,12.614351056438174,10.77845371279282,22.55515043495969,,0.7374734176872706,1.1571957027047135,0.23449733147696955,0.19655995194594683,44.397633136094676,76.75265116845632,2.2222222222222223,1.3944333775567928,0.19825712630196757,0.11291388205586965,0.375,0.125,585.7764285714286,1821.3537175372585,0.07692307692307693,0.1739249833685304,0.07345190349907303,0.7666666666666666,0.25092421756969363,statlog-heart.arff,16,KNeighborsClassifier,training_utility_sampling,0.7062968856558308
0,0.09399179006136985,0.13708555775969242,0.7495705718130237,0.3640420504673993,0.5909090909090909,0.7666666666666666,0.25092421756969363,0.9098002182039348,,0.0,0.12055459724908885,0.1724225387111851,0.8453509366224364,0.1973287336690784,0.14826167739206914,12.557281607281606,50.7753983758965,564.7330602730605,1762.0378890713234,0.7333333333333333,0.23830678432808017,27.216917178636436,0.5,0.32141217326661253,44.75248597402618,78.55138399944327,33.64510809331887,43.90305974298196,76.9636262888308,1.6923076923076923,9.934615384615386,16.417957452834287,1.5638617476596886,0.35093563520138765,0.49955854513036163,3.098695390418845,6.0,2.8333333333333335,0.983192080250175,0.16666666666666666,0.23648015775911116,16.666666666666668,5.8878405775518985,0.5,0.0,4.805058149499674,0.5833333333333334,0.40253824294970664,6.363775384615384,10.790344319848044,79.23076923076923,161.1402876616903,46.015384615384626,80.42838115774715,44.75384615384615,77.16613695337931,30.076923076923077,52.38234680128656,0.03105976077577161,0.03054339882840261,0.7833333333333333,0.23635608206869607,5.0,0.38461538461538464,0.22727272727272727,1.25,0.5,1.0,0.0,13.0,4.0,0.0,2.0,0.05128205128205128,1.0,22.0,3.0,13.0,5.0,23.13317273189469,,0.6833333333333333,0.22838671990104964,0.8277364370439273,0.6833333333333333,0.22838671990104964,49.15384615384615,114.2642012719106,4.805058149499674,10.62461134318755,22.124758045815472,,0.687607830230447,1.1649907145317797,0.2355145871629388,0.19700898451270202,44.88791208791209,77.64826761850449,2.1818181818181817,1.2504544628399563,0.2250678929757294,0.1912918265893657,0.3958333333333333,0.12289901003127188,564.7330602730601,1752.0392317189182,0.07692307692307691,0.13442181205773399,0.1722635629560727,0.6833333333333333,0.22838671990104964,statlog-heart.arff,17,KNeighborsClassifier,training_utility_sampling,0.7062968856558308
0,0.09796081872889852,0.1379203044998365,0.7742085809755314,0.36286367830923094,0.5652173913043478,0.65,0.3374742788552764,0.8248767681948179,,0.0,0.14145450499142312,0.16505800919659275,0.8865408928220898,0.19294150659637455,0.15324050418584179,12.724789703050574,49.20031449384297,548.5655548799028,1684.8867501191921,0.65,0.2539806544591658,19.528473066108592,0.5,0.2766939578556055,44.94610891884435,78.67147754418622,32.10678283208287,44.10040727602715,77.13206729654082,1.7692307692307692,9.684615384615386,14.953864949339248,1.61535212553486,0.34815443806323154,0.1773650274115503,2.972224713096856,7.0,3.0,0.816496580927726,0.14285714285714285,0.19234611884723005,20.0,5.849976258261415,0.5,0.10101525445522107,2.1291234288739838,0.5333333333333333,0.3751542892474251,6.135683076923077,10.173117226382633,79.6923076923077,161.43646047046118,46.20535117056856,80.47832777723802,44.75384615384615,77.07131562590385,30.076923076923077,52.38234680128656,0.04539734826276151,0.03646402230214471,0.5666666666666667,0.29606472432164954,6.0,0.46153846153846156,0.2608695652173913,1.5,0.5773502691896257,1.2,0.44721359549995804,13.0,4.0,0.0,2.0,0.02564102564102564,1.0,23.0,3.0,13.0,4.0,16.05404854253565,,0.6,0.2854496128592251,0.6804216827075273,0.6666666666666666,0.24845199749997665,49.61538461538461,114.35437497937312,2.1291234288739838,10.663861578021802,21.7044905964584,9.931958810725929,0.6102591668712367,1.07092954471953,0.23624302332436303,0.19761365383785112,45.04410256410257,77.70208698939251,2.3076923076923075,1.1821319289469756,0.2524478085859489,0.12362330601958614,0.375,0.10206207261596575,548.5655548799027,1675.0143641277496,0.07692307692307691,0.11908870844470015,0.31957831729247266,0.65,0.1995364999563108,statlog-heart.arff,18,KNeighborsClassifier,training_utility_sampling,0.7062968856558308
0,0.09556642200504172,0.14109444618435796,0.7797391168195763,0.3588430663817809,0.5416666666666666,0.6833333333333333,0.36387828652917364,0.8153824594748873,,0.0,0.1369837996760354,0.1660972181678223,0.8708644692353646,0.18711750763864676,0.1415841945280748,12.777578037904124,50.46819467142978,540.2063600891864,1666.4080625083946,0.6333333333333333,0.26988795114424713,20.530383697744497,0.5,0.2946278254943948,44.751543508942824,78.14434047117341,30.707533129815566,43.91447342872167,76.61445996843848,1.8461538461538463,9.203846153846154,13.998235923656914,1.6081852619721309,0.3423595469197587,0.07423652453221147,2.960692343342488,7.0,3.0,0.816496580927726,0.14285714285714285,0.19961934675247187,20.0,5.849976258261415,0.5,0.10101525445522107,1.983725762108468,0.5166666666666666,0.4475585346916185,6.295347692307692,10.456029778915571,79.6923076923077,161.43646047046118,46.005769230769225,79.93454153479266,44.715384615384615,76.80838545968193,30.076923076923077,52.38234680128656,0.042418324082809974,0.03368326357033925,0.6333333333333333,0.3583225665910466,6.0,0.46153846153846156,0.25,1.5,0.5773502691896257,1.2,0.4472135954999579,13.0,4.0,0.0,2.0,0.02564102564102564,1.0,24.0,3.0,13.0,4.0,17.38212927265473,,0.6166666666666666,0.28382310609877337,0.6648485552193162,0.6166666666666666,0.28382310609877337,49.61538461538461,114.35437497937312,1.983725762108468,10.558332451742162,21.551225191505484,11.579819103177575,0.5788447428443108,1.026998818661083,0.23714594031975386,0.1978818007574923,44.9375,77.42606940790894,2.3076923076923075,1.1821319289469756,0.2524478085859489,0.12362330601958614,0.375,0.10206207261596575,540.2063600891862,1655.9306658123517,0.07692307692307693,0.1419334527661055,0.3351514447806838,0.7166666666666666,0.20861092617242874,statlog-heart.arff,19,KNeighborsClassifier,training_utility_sampling,0.7062968856558308
0,0.09209427596736935,0.14104457476391266,0.7785615060045681,0.35917772473630405,0.52,0.7,0.35832256659104667,0.8172302371987523,,0.0,0.13699498272077873,0.16672584382072844,0.8554508105601307,0.1872100337724681,0.13194311514284085,11.694606837606836,46.58085829185212,527.430648717949,1618.606911747205,0.7,0.2810913475705226,20.245806418863985,0.5,0.31112698372208086,44.504359526182334,77.6836890640425,30.68324439365132,43.680332319800634,76.18829825963903,1.9230769230769231,9.03076923076923,13.661831539937866,1.5917590818521974,0.3432749510659856,0.12442659797865163,3.1107705574255604,7.0,3.0,0.816496580927726,0.14285714285714285,0.2063746016119139,20.0,5.849976258261415,0.5,0.10101525445522107,2.010826274246998,0.6,0.3701851388657263,5.565452307692308,9.173891330050147,79.6923076923077,161.43646047046118,45.740923076923075,79.43652483425738,44.29230769230769,76.0778818222754,29.76923076923077,51.915241574053255,0.042253234712501565,0.0349403416742898,0.6166666666666666,0.3689323936863109,6.0,0.46153846153846156,0.24,1.5,0.5773502691896257,1.0,0.0,13.0,4.0,0.0,2.0,0.02564102564102564,1.0,25.0,3.0,13.0,5.0,17.42608054275696,,0.7,0.23306863292670035,0.667865260591929,0.65,0.31865845332666637,49.92307692307692,114.42789690343695,2.010826274246998,10.483822237524745,21.26766238551128,13.312644192531717,0.5903831317862837,1.0336859040400315,0.2377570194182036,0.19839998603224174,44.62358974358975,76.81216611851058,2.3076923076923075,1.1821319289469756,0.2524478085859489,0.12362330601958614,0.375,0.10206207261596575,527.4306487179489,1609.4300052196213,0.07692307692307693,0.11169327730162645,0.33213473940807103,0.7333333333333333,0.19563129846287788,statlog-heart.arff,20,KNeighborsClassifier,density_weighted_sampling,0.7062968856558308
0,0.08047241652680265,0.1386298093486343,0.8577867316378358,0.27851969128138926,0.5,0.7166666666666666,0.351803115533057,0.8194803136408958,,0.0,0.10576236520183532,0.1294996439019092,0.8403586716091171,0.1833081013977606,0.12971747827896835,11.235846153846156,44.56909408757353,506.69203905325446,1554.2411738178434,0.6833333333333333,0.2539806544591658,17.360851746402304,0.5,0.3263569759322527,44.56861780592537,77.72771875436445,30.212667216438856,43.76850395376545,76.28890904899644,2.0,8.55,12.636966276233656,1.6497400206145447,0.2673753479262589,0.22642226831423146,3.2701365742314974,7.0,3.0,0.816496580927726,0.14285714285714285,0.21265936791608386,20.0,5.849976258261415,0.5,0.10101525445522107,2.044584757107359,0.6166666666666666,0.3689323936863109,6.181301538461538,10.112408859417759,79.6923076923077,161.43646047046118,45.767159763313614,79.40836181146376,44.638461538461534,76.85521602838178,29.76923076923077,51.915241574053255,0.048405382632408296,0.041488061976514265,0.6666666666666666,0.26057865332352387,6.0,0.46153846153846156,0.23076923076923078,1.5,0.5773502691896257,1.2,0.44721359549995804,13.0,4.0,0.0,2.0,0.01282051282051282,1.0,26.0,3.0,13.0,5.0,16.72089559030842,,0.7166666666666666,0.22291558497487643,0.671547984444981,0.85,0.19953649995631081,49.92307692307692,114.42789690343695,2.044584757107359,10.291435778684026,20.83690446592335,15.087849727165263,0.5894964796112145,1.0661549996292323,0.23876608187134502,0.19834201782359517,44.736057692307696,76.93245516199,2.3076923076923075,1.1821319289469756,0.2524478085859489,0.12362330601958614,0.375,0.10206207261596575,506.69203905325446,1545.4877109582892,0.07692307692307691,0.14428895616285298,0.32845201555501896,0.75,0.18002057495577392,statlog-heart.arff,21,KNeighborsClassifier,density_weighted_sampling,0.7062968856558308
0,0.06217397553525972,0.06238727145575162,1.1815087815763972,0.35892669444111297,0.48148148148148145,0.6833333333333333,0.2539806544591658,0.8208058905234826,,0.0,0.07165423986335219,0.05441201043792017,0.876716288999464,0.1801746220848466,0.12713457814081633,10.876055592081233,43.04319229449384,487.67690116151635,1495.0759832674764,0.65,0.22838671990104964,13.095991809960255,0.5,0.2880805404834083,44.61797667912353,77.7847892278766,27.324315929172485,43.84218217135015,76.3974787447937,2.076923076923077,8.107692307692307,11.611449919401505,1.9912796798241148,0.3548949222276878,0.3131731303887316,3.4209188616615434,7.0,3.0,0.816496580927726,0.14285714285714285,0.2033426333394247,20.0,5.849976258261415,0.5,0.10101525445522107,2.06487397207215,0.6666666666666666,0.35136418446315326,5.542643076923077,9.538227423799617,79.6923076923077,161.43646047046118,45.78319088319089,79.39765013147463,44.9076923076923,77.62974581883826,29.76923076923077,51.915241574053255,0.06694539075174671,0.03990344604136325,0.5333333333333333,0.31229931827900437,6.0,0.46153846153846156,0.2222222222222222,1.5,0.5773502691896257,1.5,0.5773502691896257,13.0,4.0,0.0,2.0,0.01282051282051282,1.0,27.0,3.0,13.0,5.0,16.648844353717806,,0.6166666666666666,0.24907235301622105,0.6737223099180474,0.7166666666666666,0.15811388300841897,49.92307692307692,114.42789690343695,2.06487397207215,10.108540235432006,20.435724644830916,,0.5845054711478184,1.0850396563522349,0.23868126306891493,0.19926876932308665,44.82217194570136,77.06408843538881,2.3076923076923075,1.1821319289469756,0.2524478085859489,0.12362330601958614,0.375,0.10206207261596575,487.67690116151664,1486.5859938007306,0.07692307692307691,0.1545377526241094,0.3262776900819526,0.6,0.34426518632954817,statlog-heart.arff,22,KNeighborsClassifier,training_utility_sampling,0.7062968856558308
0,0.0881254894976428,0.13496448648245704,1.1086622029756201,0.48620089975501474,0.4642857142857143,0.7,0.2459549291242073,0.8234814508779539,,0.0,0.0990717511284985,0.13174481872366572,0.8631205685666311,0.17549903854429216,0.12702467487131955,10.84385768552435,41.83552298898251,481.1073697598694,1468.6274854977128,0.6666666666666666,0.22222222222222224,15.393377541488839,0.5,0.30304576336566325,44.52067476372814,77.49875481574686,28.539892694262182,43.74785982081152,76.12522775867794,2.1538461538461537,8.184615384615386,11.772113669872981,1.9157118692181632,0.473518962112217,0.3649268396482534,3.5170617142690426,7.0,3.0,0.816496580927726,0.14285714285714282,0.2092666170386541,20.0,5.849976258261415,0.5,0.10101525445522107,2.106764264051912,0.6666666666666666,0.2721655269759087,6.067255384615384,10.032952867320613,79.6923076923077,161.43646047046118,45.68104395604394,79.09418948801874,44.63076923076923,76.9184999920412,29.76923076923077,51.915241574053255,0.05607090232408803,0.04071000048143529,0.5833333333333333,0.26352313834736496,6.0,0.46153846153846156,0.21428571428571427,1.5,0.5773502691896257,1.2,0.4472135954999579,13.0,4.0,0.0,2.0,0.01282051282051282,1.0,28.0,3.0,13.0,5.0,18.77250511446361,,0.6333333333333333,0.2459549291242073,0.67812169994006,0.8333333333333333,0.17568209223157666,49.92307692307692,114.42789690343695,2.106764264051912,10.065883815157928,20.28383918734105,,0.5930454926601526,1.1033507884000116,0.23943020292547956,0.19936736080458797,44.70811965811966,76.77605932228198,2.3076923076923075,1.1821319289469756,0.2524478085859489,0.12362330601958614,0.375,0.10206207261596575,481.1073697598698,1460.4372598497725,0.07692307692307693,0.13216026265458455,0.32187830005994,0.6166666666666666,0.24907235301622105,statlog-heart.arff,23,KNeighborsClassifier,training_utility_sampling,0.7062968856558308
0,0.0958475561631205,0.13588628256601906,1.125271376162551,0.48648045431490805,0.4482758620689655,0.6166666666666667,0.1932503014547343,0.8256816558219391,,0.0,0.10317828128154766,0.1309648268883091,0.8497511372532974,0.17535621226910764,0.12616233169778726,10.063701528356699,39.70365659034698,468.8474194770745,1426.8990403820692,0.6333333333333333,0.2459549291242073,13.3726783125917,0.5,0.316978901911211,44.337019513589595,77.17440109488875,28.09473607299662,43.58376625471748,75.8396370715603,2.230769230769231,8.492307692307692,11.96316997695159,1.9114786879090926,0.46764293224689124,0.4706886432546394,3.6530436612119916,8.0,3.125,0.6408699444616557,0.12499999999999999,0.18881362778420083,23.333333333333332,5.656854249492381,0.5,0.0,2.142185760437297,0.8,0.23306863292670035,5.542643076923077,9.18604779587626,79.6923076923077,161.43646047046118,45.47214854111406,78.73065054877553,44.12307692307692,76.1819986812956,29.76923076923077,51.915241574053255,0.06354382550675526,0.04288231146256678,0.7,0.29186501192363773,7.0,0.5384615384615384,0.2413793103448276,1.75,0.9574271077563381,1.1666666666666667,0.408248290463863,13.0,4.0,0.0,2.0,0.01282051282051282,1.0,29.0,3.0,13.0,5.0,16.70858721817,,0.6333333333333333,0.33147630867058436,0.6817501967608591,0.7333333333333333,0.21081851067789195,49.92307692307692,114.42789690343695,2.142185760437297,9.961140097952297,20.010623004916123,,0.6334341568728642,1.1249095257041628,0.2390160261078026,0.20059216501372376,44.46477732793521,76.37308627656863,2.4,1.121223821162776,0.24337065668081773,0.1481265199364758,0.359375,0.08010874305770696,468.8474194770746,1419.3287293100202,0.07692307692307693,0.11466509029579455,0.31824980323914087,0.6,0.21081851067789195,statlog-heart.arff,24,KNeighborsClassifier,training_utility_sampling,0.7062968856558308
0,0.09555720879188209,0.13564455616536666,1.105350032453532,0.48706646727219605,0.43333333333333335,0.6333333333333334,0.1892154040658489,0.8378308192015491,,0.0,0.10509502529661913,0.13767326800147225,0.8812908992306927,0.17324017298822486,0.12494807350535175,9.246551724137934,37.734071212316714,460.2116887709994,1399.4502974249708,0.5666666666666667,0.2744242007828549,13.629263397207346,0.5,0.282842712474619,44.145077650405206,76.75277287953374,27.220065627935487,43.40509934792536,75.44333112749786,2.3076923076923075,8.434615384615386,11.97972913952608,1.9219792640983395,0.4680525540794944,0.49092736678803384,3.740195310345566,8.0,3.125,0.6408699444616557,0.125,0.18235670608444388,23.333333333333332,5.656854249492381,0.5,0.0,2.355259750054729,0.8,0.23306863292670035,5.497024615384614,9.038888589471435,79.6923076923077,161.43646047046118,45.27435897435897,78.27845022246397,43.97692307692308,75.88004957218283,29.76923076923077,51.915241574053255,0.06466166758588511,0.059233226091244776,0.6666666666666667,0.2721655269759087,7.0,0.5384615384615384,0.23333333333333334,1.75,0.9574271077563381,1.4,0.5477225575051661,13.0,4.0,0.0,2.0,0.01282051282051282,1.0,30.0,3.0,13.0,5.0,16.09436322509593,,0.6333333333333334,0.2918650119236377,0.7019604816039389,0.7,0.10540925533894598,49.92307692307692,114.42789690343695,2.355259750054729,9.882644745478318,19.81810048262635,,0.6340466997303632,1.1288700884561118,0.23966336795951398,0.20067702590592842,44.131623931623935,75.69785766632141,2.4,1.121223821162776,0.24337065668081773,0.1481265199364758,0.359375,0.08010874305770696,460.2116887709992,1392.5073715952042,0.07692307692307693,0.13161634959478108,0.2980395183960612,0.5333333333333333,0.17213259316477406,statlog-heart.arff,25,KNeighborsClassifier,expected_error_reduction,0.7062968856558308
0,0.09569118985837194,0.136542634456907,1.1132323467539977,0.47952723726946367,0.41935483870967744,0.65,0.16573815433529218,0.8469314457712429,,0.0,0.11737143937736337,0.1384316346974616,0.9071657675730821,0.1897038819444623,0.1328209355323519,10.621255858836506,41.43221738327257,460.072335814723,1377.2604069482943,0.6833333333333333,0.19953649995631081,11.866170951434349,0.5,0.2509088578403878,44.23306166613929,76.94934922275684,31.095301279743282,43.459535658748,75.58365723658041,2.3846153846153846,8.8,12.997563874306087,1.9439483672868667,0.45803172408870085,0.29672895786272624,3.635842385582453,8.0,3.125,0.6408699444616557,0.12499999999999999,0.17705240645242054,23.333333333333332,5.656854249492381,0.5,0.0,2.5372295476573443,0.7416666666666666,0.2095335796182901,5.782139999999999,9.539084193715873,79.6923076923077,161.43646047046118,45.39826302729528,78.50070128130658,44.138461538461534,76.17249655071855,29.76923076923077,51.915241574053255,0.07644974704021322,0.0669886393074663,0.675,0.3153725995441105,7.0,0.5384615384615384,0.22580645161290322,1.75,0.9574271077563381,1.1666666666666667,0.408248290463863,13.0,4.0,0.0,2.0,0.01282051282051282,1.0,31.0,3.0,13.0,4.0,13.561622370946868,,0.6583333333333333,0.2845019473126526,0.7172928738361678,0.675,0.026352313834736504,49.92307692307692,114.42789690343695,2.5372295476573443,10.001525675107867,19.74956467833205,27.524925479359766,0.5668367298708958,1.0916908174357602,0.23966839043309632,0.20134845870541274,44.361133603238855,76.1429740090572,2.4,1.121223821162776,0.24337065668081773,0.1481265199364758,0.359375,0.08010874305770696,460.07233581472286,1368.7036264462756,0.07692307692307693,0.12877289369852438,0.28270712616383226,0.6416666666666666,0.11145779248743821,statlog-heart.arff,26,KNeighborsClassifier,training_utility_sampling,0.7235772357723577
0,0.09851918405748239,0.13728943188504028,1.1291335603327302,0.4748292712933464,0.40625,0.6583333333333333,0.16873713942763824,0.8452528554653428,,0.0,0.1340128303178323,0.13801484045125811,0.9283620723948678,0.2271785807383023,0.14204544572609512,13.115584935897436,43.81298363940615,464.08976659429277,1356.3799387168226,0.6916666666666667,0.20050091591798433,9.852083559823047,0.5,0.2209708691207961,44.457427291954474,77.35058504092406,34.7002944749535,43.65640437674266,75.94528356904472,2.4615384615384617,9.684615384615386,15.343407713295317,1.9632656085141678,0.45013765733464006,0.5150817403291643,3.593811094633755,8.0,3.125,0.6408699444616557,0.125,0.1727857364318181,23.333333333333332,5.656854249492381,0.5,0.0,2.5020429652779628,0.75,0.20786985482077452,6.700211538461539,10.999900327581644,81.53846153846153,162.58311483905464,45.66466346153846,78.9214755874105,44.599999999999994,76.85107893408741,29.76923076923077,51.915241574053255,0.09423002421343066,0.08029414655742666,0.7166666666666666,0.2459549291242073,7.0,0.5384615384615384,0.21875,1.75,0.9574271077563381,1.1666666666666667,0.408248290463863,13.0,4.0,0.0,2.0,0.05128205128205128,1.0,32.0,2.0,13.0,5.0,10.982736603943204,,0.6916666666666667,0.2607266673390514,0.7144523896723156,0.525,0.2358658857261531,51.76923076923077,114.95227549303077,2.5020429652779628,10.225953301354584,19.735237929793044,,0.6284378441271385,1.0609904679107327,0.23947113419176388,0.20223023796312647,44.55653846153845,76.54658367579769,2.4,1.121223821162776,0.24337065668081773,0.1481265199364758,0.359375,0.08010874305770696,464.08976659429277,1346.438159885523,0.07692307692307693,0.13522720502333138,0.28554761032768433,0.6916666666666667,0.12453617650811052,statlog-heart.arff,27,KNeighborsClassifier,training_utility_sampling,0.7235772357723577
0,0.07539830443197748,0.06785052598899008,1.132116935096576,0.4683956726131911,0.3939393939393939,0.675,0.26190776814051486,0.834176634602823,,0.0,0.14263424428663388,0.1256612786325819,0.9456603046006401,0.23361774503111227,0.14587134198904747,14.245531031468532,46.06168866454963,458.1122261072259,1326.0574250762238,0.675,0.2095335796182901,8.646785968965219,0.5,0.1928473039599675,44.674546791146966,77.69316063631771,36.26684691409915,43.864781329065295,76.28367501617782,2.5384615384615383,10.953846153846154,19.53870583332032,1.968411712668471,0.4298998193382,0.4214774181829672,3.609656550562395,7.0,3.0,0.816496580927726,0.14285714285714285,0.1807326904341827,20.0,5.849976258261415,0.5,0.10101525445522107,2.2878584990346456,0.7,0.2551929795079078,6.934006153846154,11.723193898443048,81.53846153846153,162.58311483905464,45.890675990675994,79.24711441458787,45.06153846153846,77.53525583523857,29.76923076923077,51.915241574053255,0.10936552702874516,0.07162370502774003,0.7583333333333333,0.20581815058714115,6.0,0.46153846153846156,0.18181818181818182,1.5,0.5773502691896257,1.0,0.0,13.0,4.0,0.0,2.0,0.0641025641025641,1.0,33.0,2.0,13.0,6.0,9.351679965836176,,0.675,0.310440746021078,0.6958506577172917,0.75,0.26057865332352387,51.76923076923077,114.95227549303077,2.2878584990346456,10.23670656253584,19.564395474042684,,0.5768277723300115,1.0467029551787133,0.23977770640852622,0.20255634098460085,44.82527472527473,77.00554071476482,2.3076923076923075,1.1821319289469756,0.2524478085859489,0.12362330601958614,0.375,0.10206207261596575,458.112226107226,1314.747854789114,0.07692307692307693,0.11682663382996657,0.30414934228270835,0.675,0.138610832776385,statlog-heart.arff,28,KNeighborsClassifier,training_utility_sampling,0.7235772357723577
0,0.07444951662564038,0.07063702291173957,1.1371805865671605,0.4689088426570172,0.38235294117647056,0.6666666666666667,0.27498597046143514,0.8294239060475541,,0.0,0.15032584790880713,0.1216269666297106,0.9596868937742168,0.23669243481495386,0.1457592720451884,17.51379633438457,56.30863999942355,469.3602694364458,1353.4182243399184,0.6916666666666667,0.2423203165284932,7.931102840697937,0.5,0.16637806616154063,44.85658577092811,78.13813615765285,40.77636653322017,44.01023357065268,76.64553040780899,2.6153846153846154,11.190384615384614,19.85390268745863,1.975864523621456,0.41921301576686304,0.20132917602388112,3.256816850610578,7.0,3.0,0.816496580927726,0.14285714285714285,0.17844368474158884,20.0,5.849976258261415,0.5,0.10101525445522107,2.2045531924612356,0.7083333333333334,0.20126912147485332,7.7323292307692295,13.408700594692524,81.53846153846153,162.58311483905464,46.109728506787334,79.76591568672136,45.25384615384615,78.05529680280742,29.76923076923077,51.915241574053255,0.12100295671992121,0.08169549810469544,0.775,0.23257150765482754,6.0,0.46153846153846156,0.17647058823529413,1.5,0.5773502691896257,1.2,0.4472135954999579,13.0,3.0,0.0,2.0,0.07692307692307693,1.0,34.0,2.0,13.0,6.0,8.397957020168763,,0.725,0.23911488018508162,0.6879440159231819,0.75,0.19245008972987526,51.76923076923077,114.95227549303077,2.2045531924612356,10.38928659766767,19.78740953772456,,0.5527357195506901,0.9861246295565236,0.22645257025562635,0.1912443163752135,45.031118881118886,77.47280394247969,2.3076923076923075,1.1821319289469756,0.2524478085859489,0.12362330601958614,0.375,0.10206207261596575,469.360269436446,1336.8108264785883,0.07692307692307693,0.12982663754891927,0.31205598407681817,0.6583333333333334,0.14932977839684014,statlog-heart.arff,29,KNeighborsClassifier,expected_error_reduction,0.7099887766554434
0,0.06440900508036018,0.07156139160815515,1.2122389529237014,0.33000269609605054,0.37142857142857144,0.7083333333333333,0.2998199047905959,0.8366580675084053,,0.0,0.11245581603081695,0.07024133828644694,0.9709505944546688,0.23357081686455033,0.1509462470500333,18.304001292824825,60.26178422975478,466.7232281835814,1338.0022313777795,0.7666666666666666,0.27722166555277,7.937854630269108,0.5,0.14142135623730948,44.87810422235158,78.27733589175423,43.01707354969705,44.015265735174346,76.75027924559781,2.6923076923076925,11.580769230769231,20.46423239929384,2.060870527985878,0.28730900951451604,0.12623855462888478,3.196898416559888,9.0,3.5555555555555554,1.130388330520878,0.1111111111111111,0.15415632434512994,34.13333333333333,15.156516750229917,0.5,0.07856742013183865,2.3332969106968684,0.7916666666666667,0.20126912147485332,8.530652307692309,15.181589371985043,81.53846153846153,162.58311483905464,46.14373626373627,79.91872289113796,45.44615384615384,78.5785447326921,29.76923076923077,51.915241574053255,0.12231901939249192,0.08297545193464957,0.7916666666666666,0.20126912147485332,8.0,0.6153846153846154,0.22857142857142856,1.6,0.5477225575051661,1.6,0.8944271909999159,13.0,3.0,0.0,2.0,0.08974358974358974,1.0,35.0,2.0,13.0,6.0,8.910469843074216,,0.7416666666666666,0.26483747636784505,0.6999967219268993,0.7333333333333333,0.259985754595502,51.76923076923077,114.95227549303077,2.3332969106968684,10.406123160044181,19.705468311487486,1.2704385460910814,0.5315424318261202,0.9560669119463763,0.22639591456815486,0.19189800230566426,45.07289377289378,77.66838307896327,2.823529411764706,1.4245742398014511,0.19706908487134,0.12184758058765026,0.3125,0.1316585902058806,466.7232281835811,1318.8216217342986,0.07692307692307693,0.15121476683624305,0.3000032780731007,0.6666666666666667,0.15214515486254615,statlog-heart.arff,30,KNeighborsClassifier,training_utility_sampling,0.7099887766554434
0,0.07683550200983132,0.0766586333586367,1.2407280261122091,0.31535909381745797,0.3611111111111111,0.7083333333333333,0.2998199047905959,0.8430559030038827,,0.0,0.11497586978733426,0.07323095713350758,0.9798687566511527,0.23174841109274816,0.1502446047559477,18.50909035409035,62.203398289546065,465.50907936507986,1336.1109000780057,0.7666666666666666,0.27722166555277,7.3743534454699775,0.5,0.11785113019775793,44.94694385542217,78.54754877961652,44.92347763286349,44.075261126928936,76.99115563741124,2.769230769230769,11.930769230769231,21.25705312813391,2.0877215735810464,0.26540760550640524,0.03622058378507912,3.0483474859309716,9.0,3.5555555555555554,1.130388330520878,0.1111111111111111,0.1527777777777778,34.13333333333333,15.156516750229917,0.5,0.07856742013183865,2.4571363306969576,0.7333333333333333,0.23830678432808017,8.747339999999998,15.809341362808256,81.53846153846153,162.58311483905464,46.22051282051281,80.20434365208409,45.49230769230769,78.69239121984688,29.76923076923077,51.915241574053255,0.13287520918231555,0.09946755216255752,0.7916666666666666,0.20126912147485332,8.0,0.6153846153846154,0.2222222222222222,1.6,0.5477225575051661,2.0,1.4142135623730951,13.0,3.0,0.0,2.0,0.08974358974358974,1.0,36.0,2.0,13.0,4.0,8.337543351746147,,0.7416666666666666,0.26483747636784505,0.710743255589692,0.7333333333333334,0.2383067843280802,51.76923076923077,114.95227549303077,2.4571363306969576,10.389911006700483,19.681346439994496,1.2754677159050014,0.5009961823696683,0.9176641693671274,0.22653188916346806,0.19230040991218497,45.16958041958042,77.9907044724357,2.823529411764706,1.4245742398014511,0.19706908487134,0.12184758058765026,0.3125,0.1316585902058806,465.50907936507946,1315.706340729255,0.07692307692307691,0.1636507154922404,0.289256744410308,0.65,0.16101529717988264,statlog-heart.arff,31,KNeighborsClassifier,training_utility_sampling,0.7099887766554434
0,0.10987328627903688,0.14226408345878166,1.1732397255421547,0.46027735977282974,0.35135135135135137,0.6666666666666667,0.28867513459481287,0.8471869497410573,,0.0,0.16173340192063282,0.12790270426699213,0.9867867202680318,0.23325438806805315,0.15117122763717342,18.251734426734426,62.344082791734714,460.0869196119198,1304.3802240517052,0.775,0.27512623365365296,6.9511582307210205,0.5,0.0955549704306145,44.867611061834936,78.4707613169155,45.88331902071357,43.98325680569886,76.90255518343429,2.8461538461538463,12.046153846153846,20.85492009832913,2.0180664029633886,0.3997263342745136,0.02654825459672092,3.1088242945964315,9.0,3.5555555555555554,1.130388330520878,0.1111111111111111,0.15195610624714415,34.13333333333333,15.156516750229917,0.5,0.07856742013183865,2.542653718481333,0.775,0.21889875894272828,8.633293846153846,15.530090967296111,81.53846153846153,162.58311483905464,46.149688149688146,80.12117574006494,45.38461538461539,78.5286980043373,29.46153846153846,51.454859479961314,0.14196004284679847,0.11165976109713349,0.7916666666666666,0.20126912147485332,8.0,0.6153846153846154,0.21621621621621623,1.6,0.5477225575051661,1.3333333333333333,0.816496580927726,13.0,3.0,0.0,2.0,0.10256410256410256,1.0,37.0,2.0,13.0,3.0,7.264577144487766,,0.75,0.26352313834736496,0.7177257278115569,0.675,0.19424593041163432,52.07692307692308,115.09449852075288,2.542653718481333,10.395457502508442,19.52835113800571,1.2530020782568667,0.47087972032033293,0.9214597490197473,0.22697322710274623,0.1923469543840285,45.18762541806021,78.06775400263696,2.823529411764706,1.4245742398014511,0.19706908487134,0.12184758058765026,0.3125,0.1316585902058806,460.0869196119195,1283.4316227391787,0.07692307692307693,0.16879511013645823,0.28227427218844314,0.65,0.2249828525701843,statlog-heart.arff,32,KNeighborsClassifier,training_utility_sampling,0.7099887766554434
0,0.11202379288605102,0.14413866822192706,1.1755429364566472,0.4589754084322745,0.34210526315789475,0.6666666666666667,0.28867513459481287,0.8527116640735896,,0.0,0.17004538552732004,0.1344359682602952,0.9919924034538556,0.23412672993555356,0.1543250777146042,18.474995440784916,63.81489465060563,454.804129554656,1290.443047941779,0.75,0.31180478223116176,6.481077755295879,0.5,0.07443229275647872,44.930762845550824,78.68462922715266,47.20010453488536,44.04774775967814,77.11023186959544,2.923076923076923,12.467307692307692,21.73148969193712,2.0144755494083335,0.39641185070689977,0.001171000823458924,3.054177813454224,9.0,3.5555555555555554,1.130388330520878,0.1111111111111111,0.15161742120564567,34.13333333333333,15.156516750229917,0.5,0.07856742013183865,2.664576639533185,0.775,0.27512623365365296,8.86708846153846,16.03710044620694,81.55384615384615,162.5751755106163,46.21700404858299,80.32284761109823,45.38461538461539,78.54965357608573,29.46153846153846,51.454859479961314,0.15305979050216909,0.13113051076913118,0.8,0.19720265943665388,8.0,0.6153846153846154,0.21052631578947367,1.6,0.5477225575051661,2.0,1.4142135623730951,13.0,3.0,0.0,2.0,0.10256410256410256,1.0,38.0,2.0,13.0,4.0,6.680285805957561,,0.75,0.26352313834736496,0.7271171820471503,0.6833333333333333,0.19563129846287788,52.0923076923077,115.08754972873523,2.664576639533185,10.347799530901938,19.408875262574206,1.2599762748362395,0.4618368090535141,0.9128678731458606,0.22710141607200432,0.19270375968219525,45.29455128205128,78.3774216093307,2.823529411764706,1.4245742398014511,0.19706908487134,0.12184758058765026,0.3125,0.1316585902058806,454.80412955465584,1268.284006987006,0.07692307692307693,0.1909252458449624,0.27288281795284974,0.5583333333333333,0.15239851915939115,statlog-heart.arff,33,KNeighborsClassifier,density_weighted_sampling,0.6964285714285715
0,0.1048595686933081,0.13955993379381454,1.1773892397118457,0.46152461686977586,0.3333333333333333,0.6333333333333333,0.3073181485764296,0.8109771843276313,,0.0,0.15380728518551734,0.1324154290560304,0.9957274520849256,0.23595244007731317,0.15339755446760855,18.37090902799405,63.14518885154657,444.8328049413473,1259.4351752143637,0.7416666666666667,0.2648374763678451,7.398783429911864,0.5,0.054392829322042084,44.88053156524932,78.60228621836751,44.23945142897011,44.014408580328514,77.06248831461225,3.0,12.046153846153846,20.858915575224877,2.0385368028843063,0.40580725890118724,0.07345254395848179,3.142607886649363,8.0,3.125,0.6408699444616557,0.125,0.1522737101494129,23.333333333333332,5.656854249492381,0.5,0.0,1.92127736071822,0.7166666666666667,0.21942686286812776,8.530652307692309,15.515749055059159,81.55384615384615,162.5751755106163,46.144378698224855,80.20306180929775,45.30769230769231,78.52110609615801,29.46153846153846,51.454859479961314,0.13457988891246503,0.11435319411805983,0.7666666666666667,0.18757714462371256,7.0,0.5384615384615384,0.1794871794871795,1.75,0.9574271077563381,1.4,0.5477225575051661,13.0,3.0,0.0,2.0,0.08974358974358974,1.0,39.0,2.0,13.0,4.0,7.748626925064982,,0.7166666666666667,0.24907235301622105,0.657683993499973,0.7333333333333333,0.23174059571793568,52.0923076923077,115.08754972873523,1.92127736071822,10.25079508641161,19.185068120569507,1.2546052287811706,0.47764083386352685,0.934979305396513,0.22757400775722023,0.19264960278074042,45.23661538461538,78.29464393509353,2.4,1.121223821162776,0.24337065668081773,0.1481265199364758,0.359375,0.08010874305770696,444.83280494134726,1237.1818968080067,0.07692307692307693,0.15492744857570984,0.34231600650002697,0.4916666666666667,0.09976824997815538,statlog-heart.arff,34,KNeighborsClassifier,density_weighted_sampling,0.6964285714285715
0,0.08390327844170428,0.08098847979171717,1.172746054136763,0.46103613667723714,0.325,0.725,0.21889875894272828,0.8152905203208144,,0.0,0.1568083131758276,0.13233059952073056,0.9927744539878083,0.23658517175361232,0.1562568590371182,18.690424063116364,64.650821229595,438.31730966469416,1241.9022609647309,0.75,0.2041241452319315,7.363822985570712,0.5,0.07071067811865477,44.808803182487694,78.45198545930995,45.269912154034905,43.95434585909213,76.93740242377496,3.076923076923077,12.180769230769231,21.3754584596208,2.0307027027627185,0.40654821751470566,0.09314831959637158,3.211568674884415,8.0,3.125,0.6408699444616557,0.125,0.15583874449479596,23.333333333333332,5.656854249492381,0.5,0.0,1.9823916542019857,0.75,0.23570226039551584,8.296857692307691,15.143474507465887,81.55384615384615,162.5751755106163,46.060769230769225,80.02699939828,45.30769230769231,78.5643415884762,29.46153846153846,51.454859479961314,0.13481780536185256,0.10860272456526772,0.75,0.23570226039551584,7.0,0.5384615384615384,0.175,1.75,0.9574271077563381,1.4,0.8944271909999159,13.0,3.0,0.0,2.0,0.08974358974358974,1.0,40.0,2.0,13.0,4.0,7.698747550363238,,0.7,0.2581988897471611,0.6646986325249843,0.5,0.11785113019775792,52.0923076923077,115.08754972873523,1.9823916542019857,10.187869296667568,19.036850613050607,1.2501212275693294,0.5057903284499058,0.9279515937960358,0.22792592875790738,0.1927053824184888,45.11378205128206,78.01687546304113,2.4,1.121223821162776,0.24337065668081773,0.1481265199364758,0.359375,0.08010874305770696,438.3173096646942,1218.2528715138571,0.07692307692307693,0.1711250597916902,0.3353013674750157,0.475,0.07905694150420949,statlog-heart.arff,35,KNeighborsClassifier,expected_error_reduction,0.6964285714285715
0,0.11635822333591114,0.14258789479023135,1.1725418227205822,0.46317460643444575,0.3170731707317073,0.665,0.1826502425706331,0.812861711298866,,0.0,0.15904587975248005,0.12940226051492362,0.9892452969285004,0.2384734968287308,0.15583500642419182,18.46412445278299,63.85907166265767,431.2940328330209,1224.7337354559602,0.76,0.19264244369066522,7.140343694150793,0.5,0.08623253429104241,44.741796295619494,78.2710184319227,45.74040555125194,43.90324088305927,76.78339795288196,3.1538461538461537,11.815384615384614,20.824098466033938,2.023244027145165,0.4056457321140456,0.15061886065895472,3.2647509407966115,9.0,3.5555555555555554,1.130388330520878,0.1111111111111111,0.14537849383941193,34.13333333333333,15.156516750229917,0.5,0.07856742013183865,1.9476279759792916,0.755,0.20473560185435913,8.177109230769231,15.119836322960237,81.55384615384615,162.5751755106163,45.976360225140716,79.81978615812365,45.15384615384615,78.36755935318108,29.46153846153846,51.454859479961314,0.13854309250391791,0.10737602449618483,0.755,0.2362319951986935,8.0,0.6153846153846154,0.1951219512195122,1.6,0.5477225575051661,1.3333333333333333,0.816496580927726,13.0,3.0,0.0,2.0,0.08974358974358974,1.0,41.0,2.0,13.0,4.0,7.4633726700407195,,0.71,0.22211108331943577,0.6607441616957209,0.45999999999999996,0.20248456731316586,52.0923076923077,115.08754972873523,1.9476279759792916,10.095562482348278,18.889718241621757,1.240863183236703,0.5285643409258406,0.9338760923217049,0.2281417913646974,0.19289390127987419,45.02246153846154,77.78892276819303,2.823529411764706,1.4245742398014511,0.19706908487134,0.12184758058765026,0.3125,0.1316585902058806,431.2940328330206,1201.3353496168318,0.07692307692307693,0.17287957580769184,0.33925583830427913,0.5599999999999999,0.10488088481701516,statlog-heart.arff,36,KNeighborsClassifier,expected_error_reduction,0.6993810786914236
0,0.1195895462775818,0.14025095654569758,1.1708575253740203,0.46487479378536567,0.30952380952380953,0.63,0.2584139659108574,0.8127985004607108,,0.0,0.153796695245016,0.132352062385913,0.9934472383802027,0.23120105857127102,0.15323811154935527,17.979618213764553,62.10157639571702,421.1934959349595,1195.458835011202,0.725,0.2791355704074038,7.374765817857086,0.5,0.06734350297014742,44.73481195804922,78.24639599788824,44.310083820916226,43.9121331737586,76.79585656110103,3.230769230769231,11.851923076923075,20.620116749029084,2.0295957759820697,0.4054103453500357,0.15978757878328081,3.354021043157048,7.0,3.0,0.816496580927726,0.14285714285714285,0.15971914124998499,20.0,5.849976258261415,0.5,0.10101525445522107,1.946735420668006,0.74,0.24129281427805144,8.011742307692305,14.625057505212387,81.55384615384615,162.5751755106163,45.95421245421245,79.75062847413734,45.19230769230769,78.39657158254712,29.46153846153846,51.454859479961314,0.13470898777215307,0.11051046461703147,0.765,0.19300259065618783,6.0,0.46153846153846156,0.14285714285714285,1.5,0.5773502691896257,1.5,0.5773502691896257,13.0,3.0,0.0,2.0,0.10256410256410256,1.0,42.0,2.0,13.0,3.0,7.691755054639783,,0.6900000000000001,0.2611938403221298,0.6606414023511801,0.495,0.0955975359979999,52.0923076923077,115.08754972873523,1.946735420668006,9.990804725099625,18.659012834370692,1.248056050477137,0.5276181744880896,0.9371997949185374,0.22812607080899766,0.19331992172238266,45.02396449704143,77.7546858331918,2.3076923076923075,1.1821319289469756,0.2524478085859489,0.12362330601958614,0.375,0.10206207261596575,421.1934959349593,1172.785680264237,0.07692307692307693,0.16549583971853996,0.3393585976488199,0.65,0.24608038433722335,statlog-heart.arff,37,KNeighborsClassifier,training_utility_sampling,0.7156064274708344
0,0.10511608205189446,0.13679860870130653,1.1727648810578062,0.4646078971862882,0.3023255813953488,0.665,0.2779388421937459,0.8170698451887345,,0.0,0.1571182885913269,0.13313949821840082,0.996485989886783,0.22782497982658056,0.15007861229392205,18.041873243036033,61.32488414872478,414.2268038163386,1167.8850722420666,0.73,0.25407785333546007,7.205388921504488,0.5,0.049333031245573054,44.758293563518116,78.25689428577935,44.8219313428211,43.941069265586904,76.82586332830178,3.3076923076923075,12.123076923076923,20.729333236027067,2.0309535492118553,0.40249934195018083,0.1402449200085168,3.454744658857451,7.0,3.0,0.816496580927726,0.14285714285714285,0.16023946128207273,20.0,5.849976258261415,0.5,0.10101525445522107,2.0084519320727297,0.8,0.25495097567963926,8.188513846153846,14.708676496017317,81.55384615384615,162.5751755106163,45.97137745974955,79.73359235793669,45.30769230769231,78.52110609615801,29.46153846153846,51.454859479961314,0.13829732173273393,0.1098336569680189,0.78,0.2238551118717442,6.0,0.46153846153846156,0.13953488372093023,1.5,0.5773502691896257,1.2,0.4472135954999579,13.0,3.0,0.0,2.0,0.07692307692307693,1.0,43.0,2.0,13.0,3.0,7.480025978552421,,0.71,0.23546644016599147,0.6676031319167426,0.7550000000000001,0.17392527130926086,52.0923076923077,115.08754972873523,2.0084519320727297,9.953636333411408,18.477407507234577,1.262304436341204,0.5176422939376859,0.93305028695852,0.22850762784973314,0.19328099423419068,45.048717948717936,77.76495964108332,2.3076923076923075,1.1821319289469756,0.2524478085859489,0.12362330601958614,0.375,0.10206207261596575,414.22680381633876,1145.1904096368405,0.07692307692307693,0.16261599370886284,0.33239686808325747,0.6950000000000001,0.1657474652060243,statlog-heart.arff,38,KNeighborsClassifier,density_weighted_sampling,0.7156064274708344
0,0.10955548397586538,0.13899768665986767,1.1714409705013997,0.4652599926593883,0.29545454545454547,0.6950000000000001,0.24771175004652304,0.8081526453240724,,0.0,0.15122973310360932,0.13340854646630668,0.9985090989176322,0.2269647074505028,0.14760597732612524,17.94711064129669,61.53234743255693,407.2741990567571,1148.543027825215,0.7,0.2738612787525831,7.659988580694593,0.5,0.03214121732666122,44.728770874359924,78.14976486128054,42.0089914093702,43.92397501414477,76.74560276605267,3.3846153846153846,11.95,20.484882637366187,2.0395962068252724,0.4089005317919715,0.1992039800217202,3.5332893881077383,7.0,3.0,0.816496580927726,0.14285714285714285,0.15565238923036429,20.0,5.849976258261415,0.5,0.10101525445522107,1.8827640248645403,0.72,0.21883530082893138,7.783649999999999,13.94090811353407,81.55384615384615,162.5751755106163,45.92832167832168,79.59773490091422,45.19230769230769,78.39657158254712,29.46153846153846,51.454859479961314,0.1303538625937598,0.1066870115231172,0.79,0.21186998109427604,6.0,0.46153846153846156,0.13636363636363635,1.5,0.5773502691896257,1.2,0.4472135954999579,13.0,3.0,0.0,2.0,0.07692307692307693,1.0,44.0,2.0,13.0,4.0,7.986622622393071,,0.675,0.25413251136628173,0.6531106981442959,0.585,0.16167525750370368,52.0923076923077,115.08754972873523,1.8827640248645403,9.874204666819498,18.31908307455353,1.2687527463397499,0.5198829880540233,0.9552935049411135,0.2288547230083698,0.19326362120471804,45.014010989010984,77.62834871321394,2.3076923076923075,1.1821319289469756,0.2524478085859489,0.12362330601958614,0.375,0.10206207261596575,407.2741990567572,1125.3327746806983,0.07692307692307693,0.15545441610631008,0.3468893018557041,0.615,0.1826502425706331,statlog-heart.arff,39,KNeighborsClassifier,density_weighted_sampling,0.7473224043715847
0,0.1067747606374912,0.13933429646630682,1.1730517088303887,0.46712760421719746,0.28888888888888886,0.725,0.20849993338661338,0.8126870490047229,,0.0,0.1559142469081823,0.1319066143388278,0.9996437496778561,0.22696140412646498,0.1449968136225246,17.78637529137529,60.779005486199345,399.3554646464647,1123.6584714012533,0.7699999999999999,0.23944379994757292,7.169632624386827,0.5,0.015713484026367706,44.74304384230689,78.16652184973009,42.10272818738128,43.947736900095265,76.78563426418087,3.4615384615384617,12.123076923076923,20.59927805555953,2.0332679868303147,0.4024891255815401,0.21234672116998426,3.6036666608691466,7.0,3.0,0.816496580927726,0.14285714285714285,0.1565350867764869,20.0,5.849976258261415,0.5,0.10101525445522107,1.9451631787713237,0.745,0.20473560185435913,7.846375384615384,13.699210834492504,81.55384615384615,162.5751755106163,45.93470085470086,79.58165757159344,45.30769230769231,78.52110609615801,29.46153846153846,51.454859479961314,0.13942747167792985,0.11457191760796659,0.79,0.21186998109427604,6.0,0.46153846153846156,0.13333333333333333,1.5,0.5773502691896257,1.5,0.5773502691896257,13.0,3.0,0.0,2.0,0.0641025641025641,1.0,45.0,2.0,13.0,4.0,7.413347059323263,,0.6799999999999999,0.22754730887834684,0.6604602396200049,0.695,0.2397336484981243,52.0923076923077,115.08754972873523,1.9451631787713237,9.800458901064259,18.12683119410559,1.2674231645892668,0.5068085786634182,0.9676962140328917,0.22890381379753852,0.19356628571136286,45.01737891737892,77.586156770494,2.3076923076923075,1.1821319289469756,0.2524478085859489,0.12362330601958614,0.375,0.10206207261596575,399.3554646464646,1100.4945647764255,0.07692307692307693,0.16159068616226602,0.3395397603799951,0.615,0.21737065119284157,statlog-heart.arff,40,KNeighborsClassifier,margin_sampling,0.7405162738496072
0,0.0978957938333252,0.13592620315920073,1.1772481026816197,0.4712454617618384,0.2826086956521739,0.665,0.22736412303713274,0.7996938516945585,,0.0,0.15157121920690442,0.1301485361149024,0.9986359641585719,0.22299898169790816,0.14048481297350662,17.290974854453115,59.046572393304565,392.07797287253845,1103.2196768377516,0.71,0.21186998109427604,7.50720254970418,0.5,0.03074377309506726,44.78973287407958,78.30391798479022,40.88935259826998,44.00436098230307,76.93677214115907,3.5384615384615383,11.774999999999999,20.015145307158445,2.042860352940542,0.41170033923843424,0.25821062223252245,3.6237090267769503,7.0,3.0,0.816496580927726,0.14285714285714285,0.15106070195050075,20.0,5.849976258261415,0.5,0.10101525445522107,1.7740040260763472,0.7050000000000001,0.22167293224227647,7.78365,13.934336862585171,81.55384615384615,162.5751755106163,45.96872909698997,79.69510048838946,45.23076923076923,78.35804983764575,29.46153846153846,51.454859479961314,0.13302371389965,0.1061762677861945,0.79,0.21186998109427604,6.0,0.46153846153846156,0.13043478260869565,1.5,0.5773502691896257,1.2,0.4472135954999579,13.0,3.0,0.0,2.0,0.05128205128205128,1.0,46.0,2.0,13.0,4.0,7.849911554639861,,0.68,0.2562550812504343,0.6395102564380786,0.36500000000000005,0.1841647812874836,52.0923076923077,115.08754972873523,1.7740040260763472,9.712348669445593,17.95997246319236,1.2525309679488368,0.5105510183528221,0.9765166290514175,0.22922219530856508,0.19354849432659701,45.103296703296714,77.84222211851682,2.3076923076923075,1.1821319289469756,0.2524478085859489,0.12362330601958614,0.375,0.10206207261596575,392.0779728725382,1080.954928069295,0.07692307692307693,0.16569803654514212,0.36048974356192154,0.65,0.223606797749979,statlog-heart.arff,41,KNeighborsClassifier,training_utility_sampling,0.7542908762420959
0,0.10250410383766678,0.13843102304666757,1.1786577347456264,0.4748366851580913,0.2765957446808511,0.615,0.23100024050011528,0.7854990528243759,,0.0,0.14337850761978868,0.12803919754868545,0.9970590569034107,0.2214870317554032,0.14252088055249093,17.462281482008585,61.09258346699496,390.5838411727032,1101.1069269540817,0.68,0.22997584414213787,8.425387748991435,0.5,0.045134475394886,44.84624375347642,78.48328202623037,38.19057553250714,44.058064034821534,77.10338879167202,3.6153846153846154,11.850000000000001,20.22304790744132,2.0573769494236434,0.4249368574539296,0.22114095973923975,3.513301172210594,8.0,3.375,1.1877349391654208,0.125,0.12737430131944372,28.8,14.680858934259232,0.5,0.0,1.611025790539485,0.72,0.2584139659108574,7.960421538461538,14.46876125997076,81.55384615384615,162.5751755106163,46.02504091653029,79.88033237123412,45.15384615384615,78.19617014688778,29.46153846153846,51.454859479961314,0.11833984222539362,0.0939347769362638,0.7699999999999999,0.19888578520235065,7.0,0.5384615384615384,0.14893617021276595,1.4,0.5477225575051661,1.4,0.5477225575051661,13.0,3.0,0.0,2.0,0.0641025641025641,1.0,47.0,2.0,13.0,4.0,8.959940055528547,,0.655,0.26082135222749264,0.6170087619879917,0.615,0.16338434577536629,52.0923076923077,115.08754972873523,1.611025790539485,9.6920394376527,17.926764825375738,1.2461709230967803,0.5109862096060449,0.9526021955941368,0.22953607541708232,0.1935206152997678,45.17877984084881,78.06635217903377,2.6666666666666665,1.4474937289114918,0.19060458261114607,0.15325337594072602,0.3359375,0.13647139613957834,390.5838411727032,1077.2996146996747,0.07692307692307693,0.15235383345185444,0.38299123801200835,0.62,0.19321835661585918,statlog-heart.arff,42,KNeighborsClassifier,margin_sampling,0.7542908762420959
0,0.09632854177215726,0.13446900953268448,1.1732531538286408,0.4735039893398607,0.2708333333333333,0.685,0.22117112530044844,0.7842784487274216,,0.0,0.1399786454607328,0.12792574165404838,0.99498482818597,0.2156242073820183,0.14312759673526063,17.05660688306965,59.679332314212495,382.76719278505186,1077.7601211346425,0.7300000000000001,0.20027758514399738,8.715264445355722,0.5,0.058925565098878946,44.87416986957636,78.50654217495465,37.510382348436075,44.096256513767564,77.15518435520633,3.6923076923076925,11.659615384615384,19.60983899108838,2.0540722175189403,0.42721109008307734,0.24171089709245594,3.609509824997504,8.0,3.375,1.1877349391654208,0.125,0.12350294000741922,28.8,14.680858934259232,0.5,0.0,1.5980280482829574,0.7,0.21081851067789195,7.789352307692307,13.858889209766026,81.63076923076923,162.56846447274341,46.040224358974356,79.86967102699208,45.11538461538461,77.98962373454825,29.46153846153846,51.454859479961314,0.1141657644956703,0.08567316972548349,0.75,0.2173067468400883,7.0,0.5384615384615384,0.14583333333333334,1.4,0.5477225575051661,1.75,0.9574271077563381,13.0,3.0,0.0,2.0,0.05128205128205128,1.0,48.0,2.0,13.0,5.0,9.276751169770654,,0.64,0.28460498941515416,0.6150926851382909,0.6849999999999999,0.1155902725626647,52.16923076923077,115.07840359667394,1.5980280482829574,9.617283098850132,17.733151067894244,1.2412222992651814,0.528827998761827,0.9461204991892719,0.22975392655123894,0.19358649690114327,45.22358974358974,78.10785523238268,2.6666666666666665,1.4474937289114918,0.19060458261114607,0.15325337594072602,0.3359375,0.13647139613957834,382.76719278505186,1054.5507694855496,0.07692307692307693,0.1639800273078152,0.3849073148617092,0.575,0.19039432764659772,statlog-heart.arff,43,KNeighborsClassifier,margin_sampling,0.7542908762420959
0,0.09263137651926245,0.13486900851627961,1.1696801419664054,0.4732699516285145,0.2653061224489796,0.6950000000000001,0.23386843404881397,0.7870276741082145,,0.0,0.1411816055201317,0.12852525640515475,0.9924760039430819,0.21484625348594177,0.14759120764455166,16.608682190825046,57.558794488537316,377.17935177917303,1057.2686018327963,0.735,0.16338434577536629,8.75249731092178,0.5,0.07215375318230073,44.89592582404361,78.60242381898618,37.47763540833959,44.1231515534439,77.25932004850883,3.769230769230769,11.353846153846153,19.014758101038932,2.0487626801720427,0.42936537209524195,0.27236098907640066,3.653541967412833,8.0,3.375,1.1877349391654208,0.125,0.1269519459199289,28.8,14.680858934259232,0.5,0.0,1.6275170812429207,0.72,0.28596814119369623,7.846375384615385,14.249740236505254,81.63076923076923,162.56846447274341,46.050392464678175,79.95042997518614,45.23076923076923,78.20502311888694,29.46153846153846,51.454859479961314,0.11339346573744426,0.08186181724274894,0.73,0.22135943621178655,7.0,0.5384615384615384,0.14285714285714285,1.4,0.5477225575051661,1.75,0.9574271077563381,13.0,3.0,0.0,2.0,0.0641025641025641,1.0,49.0,2.0,13.0,6.0,9.315234077726572,,0.6100000000000001,0.2766867462592951,0.6194125598121859,0.71,0.1523883926754995,52.16923076923077,115.07840359667394,1.6275170812429207,9.565932177588985,17.59199584467377,1.2448191405038302,0.5401217240217352,0.9462756880348464,0.22984231574692104,0.19378617619430016,45.2908188585608,78.3230569621811,2.6666666666666665,1.4474937289114918,0.19060458261114607,0.15325337594072602,0.3359375,0.13647139613957834,377.1793517791731,1035.236129898138,0.07692307692307691,0.16549372459983616,0.3805874401878141,0.59,0.1370320319406298,statlog-heart.arff,44,KNeighborsClassifier,expected_error_reduction,0.7542908762420959
0,0.10627011663513834,0.13618775874283306,1.1704742065851623,0.47760848504231285,0.26,0.7000000000000001,0.23570226039551584,0.7907236323483137,,0.0,0.14508860878612778,0.12870695561413975,0.9895875212220555,0.21745818303742914,0.14784665567608218,16.18949241234956,55.58636009357265,370.8698590266877,1037.3287473893404,0.76,0.18378731669453627,8.646294895047365,0.5,0.08485281374238575,44.949388940475494,78.74564082412385,37.27917359777541,44.18532214666274,77.4156989539048,3.8461538461538463,11.332692307692307,18.932344965625255,2.045609522182252,0.43651686818529023,0.31901944948874406,3.6986346320931176,8.0,3.375,1.1877349391654208,0.125,0.130384048104053,28.8,14.680858934259232,0.5,0.0,1.6684019302500968,0.72,0.1932183566158592,7.56126,13.896557774492212,81.63076923076923,162.56846447274341,46.08876923076924,80.07392800630537,45.26923076923077,78.44255206429082,29.46153846153846,51.454859479961314,0.11445220562496608,0.08522368730001832,0.74,0.23190036174568116,7.0,0.5384615384615384,0.14,1.4,0.5477225575051661,1.75,0.9574271077563381,13.0,3.0,0.0,2.0,0.0641025641025641,1.0,50.0,2.0,13.0,6.0,9.226750984778231,,0.68,0.2699794230842212,0.6252438627541111,0.5800000000000001,0.22010098692292238,52.16923076923077,115.07840359667394,1.6684019302500968,9.494576956354743,17.438934592851627,1.2433228427083387,0.5603462936836672,0.9493258539653326,0.23005939246016796,0.19383545509792457,45.369230769230775,78.55898522476063,2.6666666666666665,1.4474937289114918,0.19060458261114607,0.15325337594072602,0.3359375,0.13647139613957834,370.86985902668766,1016.3614730280739,0.07692307692307693,0.166355555377945,0.3747561372458889,0.6199999999999999,0.19888578520235065,statlog-heart.arff,45,KNeighborsClassifier,expected_error_reduction,0.7542908762420959
0,0.07133725168027073,0.0657846997789246,1.2388261237280622,0.3401395220042059,0.2549019607843137,0.7100000000000001,0.22335820757001273,0.7934102018747609,,0.0,0.11395683285987276,0.07179013189551527,0.9863676072907089,0.2187959269086479,0.1476260629244609,16.396265460030165,56.174906280635106,365.95682413273005,1023.8697839038435,0.7266666666666667,0.21186998109427604,8.201175124961033,0.5,0.09705387192756532,44.89217303197312,78.63590587682465,37.866124608307615,44.13774985104452,77.32603211779168,3.923076923076923,11.234615384615385,18.62757123879574,2.1049222342806257,0.3130343289453882,0.35750480904472204,3.76512668635516,8.0,3.375,1.1877349391654208,0.125,0.13378466206897635,28.8,14.680858934259232,0.5,0.0,1.699053498038501,0.7866666666666667,0.16865480854231357,7.618283076923078,13.864429144891725,81.63076923076923,162.56846447274341,46.01644042232278,79.9471242244114,45.30769230769231,78.43403238325463,29.46153846153846,51.454859479961314,0.12027149673814524,0.07898997213646758,0.7466666666666667,0.2079886036764016,7.0,0.5384615384615384,0.13725490196078433,1.4,0.5477225575051661,1.75,0.5,13.0,3.0,0.0,2.0,0.05128205128205128,1.0,51.0,2.0,13.0,5.0,9.300247002207271,,0.7633333333333334,0.2075429451320234,0.6294997484389487,0.5266666666666666,0.1734187823566815,52.16923076923077,115.07840359667394,1.699053498038501,9.440718534560544,17.31758631635087,1.2423716476194147,0.5822149945014895,0.9529035334498279,0.22987035074138853,0.19431965881468374,45.28089330024815,78.40493343752195,2.6666666666666665,1.4474937289114918,0.19060458261114607,0.15325337594072602,0.3359375,0.13647139613957834,365.95682413272993,1002.1563361358088,0.07692307692307693,0.1669195515471214,0.37050025156105126,0.6666666666666667,0.16329931618554522,statlog-heart.arff,46,KNeighborsClassifier,expected_error_reduction,0.7509157509157509
0,0.05876028020151148,0.06059829684360079,1.2363095765038101,0.34104643093459486,0.25,0.7333333333333333,0.1784708711578779,0.795763439166795,,0.0,0.11660879141229412,0.0716944344960158,0.9828586897127057,0.22093297234965695,0.14850446202997983,16.200597517113355,55.24184760867074,359.33543566539026,1004.0216236051099,0.7333333333333333,0.1602467233539551,8.096203517502003,0.5,0.1087856586440842,44.88709710086993,78.65469163489858,37.89401427785122,44.14466023067668,77.36607906605242,4.0,11.021153846153847,18.315140157103873,2.097770788054312,0.3164691607955943,0.4082579187247672,3.85127107441221,8.0,3.375,1.1877349391654208,0.125,0.13714268103679875,28.8,14.680858934259232,0.5,0.0,1.7265746085257696,0.8300000000000001,0.13739193284133006,7.390190769230769,13.528382596826113,81.63076923076923,162.56846447274341,45.994082840236686,79.94203451368892,45.11538461538461,78.36696632035982,29.46153846153846,51.454859479961314,0.12139747816220364,0.07472443216878585,0.7566666666666666,0.16633299933166198,7.0,0.5384615384615384,0.1346153846153846,1.4,0.5477225575051661,1.4,0.5477225575051661,13.0,3.0,0.0,2.0,0.05128205128205128,1.0,52.0,2.0,13.0,5.0,9.183980715414297,,0.7166666666666666,0.2283867199010496,0.6332394511145655,0.6766666666666666,0.2739964855140921,52.16923076923077,115.07840359667394,1.7265746085257696,9.3649510164644,17.154277079929575,1.2433422628710158,0.6096680122252199,0.9516167266419242,0.2299341525347717,0.19451012863912132,45.26754807692308,78.4466307511159,2.6666666666666665,1.4474937289114918,0.19060458261114607,0.15325337594072602,0.3359375,0.13647139613957834,359.33543566539043,982.590686309313,0.07692307692307691,0.16367401308544643,0.3667605488854346,0.6733333333333332,0.16162752485305049,statlog-heart.arff,47,KNeighborsClassifier,density_weighted_sampling,0.7509157509157509
0,0.06358404920141465,0.06174347177980517,1.2546649402684609,0.32993982605205185,0.24528301886792453,0.78,0.24904756846438933,0.7824149422898803,,0.0,0.11163416679534365,0.07255946216635428,0.9790981671667148,0.21471656330299013,0.1477753958617257,15.920010885341071,54.23500136806601,353.19941721558547,984.934183963959,0.7633333333333333,0.1952839022273362,8.31046440707989,0.5,0.12007473642790427,44.92089565056763,78.71918105019084,37.99972463270494,44.188494635713944,77.44906685228737,4.076923076923077,10.96923076923077,18.219375429076628,2.1159480108044026,0.3073455017798094,0.43101657993672166,3.9396357639238935,9.0,3.5555555555555554,1.130388330520878,0.1111111111111111,0.13053155711017145,34.13333333333333,15.156516750229917,0.5,0.07856742013183865,1.5784702094814553,0.7466666666666667,0.2667592431897356,7.276144615384615,13.497152314020793,81.63076923076923,162.56846447274341,46.02031930333816,79.97950945813277,45.0,78.3124085527532,29.46153846153846,51.454859479961314,0.11781509663077278,0.07486743712055292,0.75,0.24507494444569752,8.0,0.6153846153846154,0.1509433962264151,1.6,0.5477225575051661,2.0,0.816496580927726,13.0,3.0,0.0,2.0,0.05128205128205128,1.0,53.0,2.0,13.0,6.0,9.649441167972933,,0.7266666666666667,0.19987650508238988,0.6121731419184767,0.7233333333333334,0.21143250389593296,52.16923076923077,115.07840359667394,1.5784702094814553,9.297892534755743,16.9993430048545,1.235675504911803,0.6016631243561239,0.960373772557864,0.23016603711869987,0.1945038975985271,45.322377622377616,78.54611498134766,2.823529411764706,1.4245742398014511,0.19706908487134,0.12184758058765026,0.3125,0.1316585902058806,353.1994172155855,963.8734970990042,0.07692307692307691,0.16009413120863314,0.3878268580815233,0.6833333333333333,0.17302679447108266,statlog-heart.arff,48,KNeighborsClassifier,density_weighted_sampling,0.7509157509157509
0,0.06476331859549654,0.0662834837913383,1.2512098634833584,0.3321704436298812,0.24074074074074073,0.7966666666666666,0.15351840682656887,0.7815985016954491,,0.0,0.11206079431212419,0.0748109649952649,0.975119064940866,0.21515029846009598,0.1484727553586438,15.59423032127434,53.080382207862655,346.84037413320453,966.8295180274355,0.7666666666666666,0.1617802197617893,8.230875839087815,0.5,0.130945700219731,44.94877990867166,78.80305754957334,37.472459708895734,44.22697187181404,77.5509818550819,4.153846153846154,11.007692307692308,18.153246336787877,2.107858053148704,0.3101432077762149,0.483875369116977,4.001472238961712,9.0,3.5555555555555554,1.130388330520878,0.1111111111111111,0.1335389361282959,34.13333333333333,15.156516750229917,0.5,0.07856742013183865,1.5700084293220933,0.6699999999999999,0.27100635498903797,7.281846923076922,13.659652033877842,81.63076923076923,162.56846447274341,46.03418803418803,80.03990518729425,45.26153846153846,78.899815572889,29.46153846153846,51.454859479961314,0.11847087527552029,0.07537826937336625,0.71,0.21026144806694802,8.0,0.6153846153846154,0.14814814814814814,1.6,0.5477225575051661,2.0,0.816496580927726,13.0,3.0,0.0,2.0,0.0641025641025641,1.0,54.0,2.0,13.0,5.0,9.561328770244147,,0.7633333333333332,0.2002775851439974,0.610896217852571,0.5333333333333332,0.19563129846287788,52.16923076923077,115.07840359667394,1.5700084293220933,9.22020731715883,16.841827803377907,1.2339583161245746,0.6106333945359792,0.9712390416844052,0.23039670020464567,0.19448912534050672,45.364932126696836,78.68339612602485,2.823529411764706,1.4245742398014511,0.19706908487134,0.12184758058765026,0.3125,0.1316585902058806,346.8403741332043,946.2767638635063,0.07692307692307691,0.16088374944954625,0.38910378214742897,0.6266666666666667,0.3427557169202018,statlog-heart.arff,49,KNeighborsClassifier,density_weighted_sampling,0.7542908762420959
0,0.09540044004491671,0.134358534275322,1.164357303889988,0.47697461844427524,0.23636363636363636,0.7300000000000001,0.19273854868227103,0.7787581549291279,,0.0,0.15123880616787108,0.12993569153928475,0.980597440991727,0.21475512547459302,0.14550245913281876,15.25647889147889,51.972258808335695,341.07771458171464,949.0982045684523,0.7866666666666666,0.15962919996504862,8.288468818821675,0.5,0.1157083823759805,44.99631536344725,78.8629597762728,36.177044592198556,44.28090912578018,77.62885953119972,4.230769230769231,10.930769230769231,18.07057389862428,2.026646108820376,0.4394021418102265,0.4985184087811577,4.082970404502024,9.0,3.5555555555555554,1.130388330520878,0.1111111111111111,0.1309357436392018,34.13333333333333,15.156516750229917,0.5,0.07856742013183865,1.5410652913771314,0.73,0.192738548682271,6.934006153846154,12.450626380246588,81.63076923076923,162.56846447274341,46.073006993006985,80.07613340760798,45.29230769230769,79.13413150613816,29.46153846153846,51.454859479961314,0.11830863606133864,0.0821784695081822,0.7333333333333333,0.1617802197617893,8.0,0.6153846153846154,0.14545454545454545,1.6,0.5477225575051661,1.6,0.5477225575051661,13.0,3.0,0.0,2.0,0.05128205128205128,1.0,55.0,2.0,13.0,5.0,8.841693241111425,,0.7633333333333332,0.2002775851439974,0.6064642638686196,0.7333333333333333,0.14142135623730953,52.16923076923077,115.07840359667394,1.5410652913771314,9.161991820565056,16.690224349403294,1.233195019795081,0.5968033259761639,0.9816596658801863,0.23066062451870442,0.19442242810959434,45.44452214452214,78.79466718409505,2.823529411764706,1.4245742398014511,0.19706908487134,0.12184758058765026,0.3125,0.1316585902058806,341.07771458171464,929.0302481745031,0.07692307692307691,0.1525056961718773,0.3935357361313804,0.7266666666666667,0.21303219486589983,statlog-heart.arff,50,KNeighborsClassifier,expected_error_reduction,0.7571428571428571
0,0.09655788444779255,0.13562994774666184,1.1826936854317402,0.4753691848743622,0.23214285714285715,0.6933333333333332,0.16540261391936353,0.7642214808619332,,0.0,0.14122039262586478,0.12965959787029138,0.9852281360342515,0.21339760438506658,0.14588704198865776,14.704896769896765,49.984655409370774,338.3098861138861,940.1164681335175,0.7333333333333333,0.1617802197617893,8.9727915215324,0.5,0.10101525445522107,45.016305416316534,78.99712064642021,35.58567938450726,44.302478621430154,77.76183471870596,4.3076923076923075,10.96923076923077,18.068095021122392,2.0581200798708643,0.44099933410315334,0.5091101005635973,4.028888531583783,10.0,3.8,1.2292725943057183,0.1,0.12348859504657085,42.93333333333334,19.360644821421484,0.5,0.0,1.404045364896606,0.7333333333333333,0.16996731711975951,7.162098461538462,13.42392913066181,81.63076923076923,162.56846447274341,46.08956043956044,80.20531199091113,45.25384615384615,79.13019456760921,29.46153846153846,51.454859479961314,0.1098017415951275,0.07759299495366723,0.7166666666666666,0.13810892105173395,9.0,0.6923076923076923,0.16071428571428573,1.8,0.44721359549995804,1.2857142857142858,0.48795003647426666,13.0,3.0,0.0,2.0,0.05128205128205128,1.0,56.0,2.0,13.0,5.0,9.771174193144335,,0.7433333333333333,0.18328282132429266,0.5840344718108061,0.5399999999999999,0.05163977794943222,52.16923076923077,115.07840359667394,1.404045364896606,9.129242763658795,16.61968853696549,1.2240693071987798,0.598993913738766,0.9815299867289748,0.23082334914502745,0.1944726675682072,45.494796380090506,79.0154190870934,3.0526315789473686,1.5082618476808298,0.19825712630196757,0.11291388205586965,0.2875,0.14037400439935846,338.30988611388614,921.3817274443218,0.07692307692307693,0.11063599821891772,0.41596552818919386,0.6166666666666666,0.13810892105173395,statlog-heart.arff,51,KNeighborsClassifier,training_utility_sampling,0.7571428571428571
0,0.10706393932454021,0.13425571945977066,1.1695436208970242,0.4785318530894476,0.22807017543859648,0.72,0.1611685721286111,0.770236479682938,,0.0,0.14667180887372594,0.1313365778888405,0.9890934397021433,0.21424195514211666,0.1470494436386051,14.576939544373754,50.019765555034276,335.3051976094081,926.2882316156632,0.72,0.1611685721286111,8.746008178004638,0.5,0.08683767488255846,44.978368514264034,78.97379998707177,36.276243180799476,44.26370583541882,77.74060189756891,4.384615384615385,10.96923076923077,18.035492074212293,2.0455462173742984,0.44612115305552125,0.500648462395415,4.08091750778894,10.0,3.8,1.2292725943057183,0.1,0.1209975296236589,42.93333333333334,19.360644821421484,0.5,0.0,1.4585986410638125,0.7,0.19499920860871384,6.934006153846154,12.450626380246588,81.63076923076923,162.56846447274341,46.05452091767881,80.1723284054552,45.29230769230769,79.13413150613816,29.46153846153846,51.454859479961314,0.11309084322486883,0.07911099840641729,0.72,0.1693852355569734,9.0,0.6923076923076923,0.15789473684210525,1.8,0.44721359549995804,1.2857142857142858,0.7559289460184545,13.0,3.0,0.0,2.0,0.07692307692307693,1.0,57.0,2.0,13.0,5.0,9.341629680587967,,0.7299999999999999,0.1835520580780596,0.593264234634365,0.72,0.11674600476945513,52.16923076923077,115.07840359667394,1.4585986410638125,9.111873449413961,16.531854297251286,1.2204823925303985,0.5804340038154561,0.9824336085051997,0.23069667046796097,0.1948352986780164,45.48901098901099,79.04117117000949,3.0526315789473686,1.5082618476808298,0.19825712630196757,0.11291388205586965,0.2875,0.14037400439935846,335.30519760940814,907.2699988001245,0.07692307692307693,0.11507735198323432,0.40673576536563505,0.6166666666666666,0.1649915822768611,statlog-heart.arff,52,KNeighborsClassifier,training_utility_sampling,0.7571428571428571
0,0.09324938343850465,0.1348949857510048,1.1714163228713086,0.4805680435691632,0.22413793103448276,0.6733333333333332,0.14470062752088628,0.7533923144809841,,0.0,0.14556518058905613,0.13231249632274408,0.9862325350724501,0.2082564160344075,0.14659376844680647,14.78087005754882,50.13694039325494,332.8250295500021,913.38675307015,0.7266666666666666,0.1654026139193635,8.788075168670176,0.5,0.09753196981883418,45.068414063889136,79.12434825992018,34.81262129209483,44.351564906989196,77.89673516514895,4.461538461538462,10.873076923076923,17.939337773273287,2.0454249049001607,0.44860182700382756,0.4819035455343122,4.111877846250322,13.0,4.0,0.9128709291752769,0.07692307692307693,0.111873256305457,56.933333333333344,20.11271939548408,0.5,0.16317848796612636,1.3126733409670903,0.6900000000000001,0.20309336173358034,7.059456923076922,12.854455283290811,81.63076923076923,162.56846447274341,46.14933687002653,80.30979347397904,45.3,79.09021220521959,29.46153846153846,51.454859479961314,0.11222395304359786,0.08337418463146153,0.7233333333333334,0.17919573407620817,12.0,0.9230769230769231,0.20689655172413793,2.4,1.140175425099138,2.0,0.8944271909999159,13.0,3.0,0.0,2.0,0.038461538461538464,1.0,58.0,2.0,13.0,5.0,9.438202283038677,,0.69,0.1531963961797703,0.5675999795190141,0.69,0.18924802459950493,52.16923076923077,115.07840359667394,1.3126733409670903,9.119580425319205,16.445763566467466,1.211649315527593,0.5770895478820808,0.9864215870792159,0.23089392042212953,0.19482492550791464,45.57115384615384,79.19839040744918,3.2,1.35400640077266,0.20605956069785758,0.07141733960860032,0.25961538461538464,0.10316020183961323,332.8250295500023,893.9663768646539,0.07692307692307691,0.13744194558960812,0.4324000204809859,0.6866666666666666,0.20073937405575493,statlog-heart.arff,53,KNeighborsClassifier,training_utility_sampling,0.7571428571428571
0,0.10149231745894872,0.13557855251797066,1.168023070166254,0.48075649791987746,0.22033898305084745,0.6433333333333333,0.09564595207403263,0.75472159578532,,0.0,0.14788614627593594,0.1329021798091565,0.9831491282282877,0.21503213544699343,0.14932030683579095,16.039281646660374,53.850155349173626,333.6818522681293,912.5226808932835,0.6933333333333332,0.10976968031314197,8.612656993583606,0.5,0.10786374628269371,44.95811769992975,78.93293134003841,36.217962735251156,44.23203074939578,77.69663832936378,4.538461538461538,10.96923076923077,18.07818135282532,2.037020534284299,0.4493013310197124,0.4891342385968868,4.122489483975136,13.0,4.0,0.9128709291752769,0.0769230769230769,0.11424772048615213,56.933333333333344,20.11271939548408,0.5,0.16317848796612636,1.323445377148648,0.71,0.16181837097556379,7.276144615384615,13.497152314020793,81.63076923076923,162.56846447274341,46.04250325945241,80.1294684871508,45.29230769230769,79.13413150613816,28.923076923076923,50.67455235530213,0.1141516641102426,0.08480570774741084,0.7433333333333333,0.14744741686696566,12.0,0.9230769230769231,0.2033898305084746,2.4,1.140175425099138,2.4,0.5477225575051661,13.0,3.0,0.0,2.0,0.05128205128205128,1.0,59.0,2.0,13.0,5.0,9.232203614992674,,0.6766666666666665,0.09819356042349202,0.56960468714474,0.5433333333333332,0.07209390310003702,52.70769230769231,115.33188675541602,1.323445377148648,9.161289286465255,16.448870785486925,1.2134611876414545,0.5860694461057968,0.9805234246010196,0.23082388556526492,0.19511489014400085,45.47255717255718,79.0083848361491,3.2,1.35400640077266,0.20605956069785758,0.07141733960860032,0.25961538461538464,0.10316020183961323,333.6818522681294,890.0217292032055,0.07692307692307693,0.13930844201333675,0.43039531285526,0.5566666666666666,0.14911260141662933,statlog-heart.arff,54,KNeighborsClassifier,training_utility_sampling,0.7571428571428571
0,0.10493191821067285,0.13535695298102984,1.1703735564750326,0.4797387923457043,0.21666666666666667,0.6666666666666667,0.11111111111111112,0.7604919546333025,,0.0,0.15158647887700058,0.13535934263582092,0.9871377743721862,0.21664391023587123,0.15109932805496218,16.071492829204697,55.24068452238598,333.76495523685355,905.5027178777384,0.7166666666666666,0.11249142628509218,8.396548700445372,0.5,0.09428090415820632,44.912677321017064,78.9229464748441,37.60248740480176,44.172875695846855,77.6666251184549,4.615384615384615,11.069230769230769,18.262091182528202,2.039946625443935,0.44900019585185613,0.47621320455201555,4.115826681012164,13.0,4.0,0.9128709291752769,0.07692307692307693,0.11355747067145845,56.93333333333333,20.11271939548408,0.5,0.16317848796612636,1.371624066714041,0.7333333333333334,0.16101529717988267,7.401595384615384,13.804306669198455,81.63076923076923,162.56846447274341,46.00846153846154,80.12947667756906,45.3,79.09021220521959,28.615384615384617,50.2237302171302,0.11756470540328388,0.08745146671575144,0.75,0.14163943093313291,12.0,0.9230769230769231,0.2,2.4,1.140175425099138,1.7142857142857142,0.9511897312113419,13.0,3.0,0.0,2.0,0.05128205128205128,1.0,60.0,2.0,13.0,5.0,8.955143871285888,,0.6833333333333333,0.09460770203292447,0.5783480130619811,0.7333333333333334,0.1405456737852613,53.01538461538462,115.48247952361898,1.371624066714041,9.189309452689304,16.434668922875584,1.218747614439932,0.565042590959158,0.9783991597314516,0.23087115661021848,0.1952620557547799,45.50705128205128,79.15623658238206,3.2,1.35400640077266,0.20605956069785758,0.07141733960860032,0.25961538461538464,0.10316020183961323,333.76495523685355,881.7119833299656,0.07692307692307693,0.13644215302342722,0.42165198693801886,0.65,0.09460770203292446,statlog-heart.arff,55,KNeighborsClassifier,training_utility_sampling,0.7571428571428571
0,0.1041629494704519,0.13668158620034898,1.167498700887496,0.4798576434566731,0.21311475409836064,0.6404761904761905,0.14781945774723748,0.7638227252751444,,0.0,0.1567108450718861,0.1356126284956288,0.9842399889605549,0.223872498189129,0.153031371640699,17.017628205128204,58.500964790238086,335.1654476670869,912.7553657547586,0.6880952380952381,0.1658901031678808,7.941260023950445,0.5,0.10432723001112995,44.80116120884417,78.70635281786024,38.85715930895678,44.051689543479135,77.43828777954988,4.6923076923076925,11.046153846153846,18.230771394568738,2.0277986619441495,0.44568167399543596,0.4746132930888731,4.054367258850089,13.0,4.0,0.9128709291752769,0.07692307692307693,0.11580019199402115,56.933333333333344,20.11271939548408,0.5,0.16317848796612636,1.4005290131057697,0.7095238095238094,0.17014510724903642,7.618283076923077,14.57297741759463,81.63076923076923,162.56846447274341,45.90491803278688,79.92501046181671,45.29230769230769,79.13413150613816,28.615384615384617,50.2237302171302,0.1239400279039014,0.09275254206073726,0.7261904761904763,0.15481277145342193,12.0,0.9230769230769231,0.19672131147540983,2.4,1.140175425099138,2.0,0.8944271909999159,13.0,3.0,0.0,2.0,0.05128205128205128,1.0,61.0,1.0,13.0,5.0,8.419867984802554,,0.6880952380952381,0.12318217126152821,0.5834251556467487,0.6285714285714284,0.2976349202116628,53.01538461538462,115.48247952361898,1.4005290131057697,9.215323481239695,16.465019461577704,1.2183513776180024,0.5678986556578381,0.9810919631187865,0.23094357731920923,0.19537594862051033,45.41434511434512,78.96480519472412,3.2,1.35400640077266,0.20605956069785758,0.07141733960860032,0.25961538461538464,0.10316020183961323,335.1654476670869,886.2489708671889,0.07692307692307693,0.1405274961346045,0.4165748443532513,0.5785714285714286,0.17060723289577065,statlog-heart.arff,56,KNeighborsClassifier,training_utility_sampling,0.7571428571428571
0,0.10487401912457076,0.13604371698784534,1.1669031235104166,0.48195279664758844,0.20967741935483872,0.6785714285714286,0.15068918687339308,0.7655453277622508,,0.0,0.15685059724205444,0.13611801690459355,0.9811522341999134,0.22374891079441298,0.15135983944427256,16.558926222728445,57.54642863278409,333.3435862181181,906.7272715585093,0.7095238095238096,0.10396522472262107,7.9268174555061846,0.5,0.11404948083653994,44.79518327574405,78.6224306744559,39.09229346224037,44.04941127597939,77.36078283625208,4.769230769230769,11.007692307692308,18.31605450319753,2.0242790452485897,0.44921513163976573,0.4888480389026172,4.069534352198872,13.0,4.0,0.9128709291752769,0.07692307692307693,0.11274063679968059,56.933333333333344,20.11271939548408,0.5,0.054392829322042084,1.4158070051460965,0.7619047619047619,0.1763977045308958,7.56126,14.562724823493712,81.63076923076923,162.56846447274341,45.891563275434244,79.83693578499053,45.29230769230769,79.13413150613816,28.615384615384617,50.2237302171302,0.12377631246174065,0.09284939689081081,0.7309523809523809,0.18949815039938278,12.0,0.9230769230769231,0.1935483870967742,2.4,1.140175425099138,1.7142857142857142,0.7559289460184545,13.0,3.0,0.0,2.0,0.05128205128205128,1.0,62.0,1.0,13.0,5.0,8.427515655478162,,0.680952380952381,0.157615131267383,0.5860596488586121,0.6190476190476191,0.26489395663934345,53.01538461538462,115.48247952361898,1.4158070051460965,9.190757539537119,16.419897246121543,1.2099428865938042,0.5770085989830321,0.9803990333904451,0.23115025735755404,0.19532344231881177,45.371052631578955,78.81813024084607,3.2,1.35400640077266,0.20605956069785758,0.07141733960860032,0.25961538461538464,0.10316020183961323,333.3435862181181,880.9602792280201,0.07692307692307693,0.11386269193785015,0.413940351141388,0.642857142857143,0.2075666163590797,statlog-heart.arff,57,KNeighborsClassifier,training_utility_sampling,0.771043771043771
0,0.100726216545913,0.1364767726006441,1.1643001666940997,0.48281314117954977,0.20634920634920634,0.7214285714285714,0.17889740969270457,0.768585116717191,,0.0,0.15929626122692453,0.1367688247517141,0.9778956822310351,0.2263023125261817,0.15342645698248863,16.548716964039542,56.73432672233559,329.73617550907863,892.6725495919576,0.7333333333333334,0.1656431155326294,7.71594338929873,0.5,0.12346308877860357,44.7955785195093,78.66846100946377,39.41927121995687,44.05362688804098,77.41703922443213,4.846153846153846,11.046153846153846,18.339011941060484,2.0154588275536094,0.4494601348242288,0.5310363146688044,4.134627166253567,13.0,4.0,0.9128709291752769,0.0769230769230769,0.11498283743060347,56.93333333333333,20.11271939548408,0.5,0.054392829322042084,1.4433334867870358,0.7333333333333333,0.19107050140703696,7.618283076923077,14.57297741759463,81.63076923076923,162.56846447274341,45.88351648351647,79.87088696560365,45.29230769230769,79.13413150613816,28.615384615384617,50.2237302171302,0.12673702137152562,0.09445125353091943,0.7690476190476191,0.17060723289577068,12.0,0.9230769230769231,0.19047619047619047,2.4,1.140175425099138,1.7142857142857142,0.7559289460184545,13.0,3.0,0.0,2.0,0.05128205128205128,1.0,63.0,1.0,13.0,5.0,8.186740812544349,,0.6714285714285715,0.1795125113983738,0.5907230816391781,0.7642857142857143,0.18996293282590845,53.01538461538462,115.48247952361898,1.4433334867870358,9.16329641428913,16.317200194703574,1.2092360127361588,0.5910825309207454,0.9909246304271595,0.23131411684196163,0.19531787489176375,45.37731755424064,78.89422627243228,3.2,1.35400640077266,0.20605956069785758,0.07141733960860032,0.25961538461538464,0.10316020183961323,329.7361755090787,867.1772451829797,0.07692307692307691,0.1150013208319714,0.4092769183608219,0.5571428571428572,0.15024964528506962,statlog-heart.arff,58,KNeighborsClassifier,training_utility_sampling,0.771043771043771
0,0.10879666396399965,0.13643388958329336,1.163860491657174,0.48108071609457026,0.203125,0.7071428571428571,0.1771282067105543,0.7708565433817732,,0.0,0.15432628333471599,0.13572847673373745,0.9744894033980523,0.22329309178543325,0.14850416454353954,16.273097909035414,55.56218638407543,326.8296558302808,883.3437471496632,0.6857142857142857,0.17271708582521197,8.163122483803495,0.5,0.13258252147247765,44.730888918527015,78.52595397973859,39.494861901337835,43.99426770863925,77.28883896225788,4.923076923076923,11.126923076923077,18.411303314637717,2.01897285455001,0.44926024097037964,0.529564003963081,4.186425659682036,13.0,4.0,0.9128709291752769,0.07692307692307693,0.11257620727271929,56.933333333333344,20.11271939548408,0.5,0.054392829322042084,1.4643884196745574,0.7190476190476189,0.1816056156820772,7.447213846153847,14.031819370220397,81.63076923076923,162.56846447274341,45.81658653846154,79.71386592399014,45.29230769230769,79.13413150613816,28.615384615384617,50.2237302171302,0.11937704050521637,0.08901831814894585,0.7523809523809525,0.17176627524976237,12.0,0.9230769230769231,0.1875,2.4,1.140175425099138,1.7142857142857142,0.7559289460184545,13.0,3.0,0.0,2.0,0.05128205128205128,1.0,64.0,1.0,13.0,5.0,8.749450034375053,,0.6928571428571428,0.19095508581124027,0.5942198104744957,0.7738095238095238,0.15399688818993856,53.01538461538462,115.48247952361898,1.4643884196745574,9.133510820410198,16.238617210753354,1.207298495929487,0.5855297036722062,0.9922036313637262,0.23138756761541696,0.19540699135295497,45.30019230769231,78.6859999225663,3.2,1.35400640077266,0.20605956069785758,0.07141733960860032,0.25961538461538464,0.10316020183961323,326.8296558302809,858.6239503960235,0.07692307692307691,0.12288696359143303,0.4057801895255043,0.5761904761904761,0.17198615962643224,statlog-heart.arff,59,KNeighborsClassifier,training_utility_sampling,0.771043771043771
0,0.06597112229142547,0.06232284632057994,1.4298279316564229,0.5151917159068382,0.2,0.7571428571428572,0.21378542422010324,0.7729071033886593,,0.0,0.10351711437681713,0.08018342316166512,0.9792415350396867,0.2210422961625926,0.1468222699883327,16.31166944033531,56.176763385469464,325.64531508875746,873.2749601652199,0.7023809523809523,0.19513160084355946,7.494936610372213,0.5,0.11966422450849266,44.69337169342053,78.48465799605707,40.518093239414334,43.948286468824726,77.23928969438833,5.0,11.2,18.474847766625846,2.278415721915331,0.49125484864713476,0.5534424248911887,4.234658651121259,13.0,4.0,0.9128709291752769,0.07692307692307693,0.11200169060431567,56.93333333333333,20.11271939548408,0.5,0.054392829322042084,1.4837648121214744,0.7404761904761905,0.19871405685566962,7.276144615384615,13.497152314020793,81.63076923076923,162.56846447274341,45.781775147929,79.67587461954224,45.29230769230769,79.13413150613816,28.615384615384617,50.2237302171302,0.13065374478077882,0.08763971666469904,0.7714285714285715,0.17176627524976235,12.0,0.9230769230769231,0.18461538461538463,2.4,1.140175425099138,1.7142857142857142,0.7559289460184545,13.0,3.0,0.0,2.0,0.05128205128205128,1.0,65.0,1.0,13.0,5.0,9.943642940012943,,0.7095238095238094,0.21081851067789198,0.5973853904686477,0.6428571428571429,0.08694008849288351,53.01538461538462,115.48247952361898,1.4837648121214744,9.143286285326855,16.193088039121935,1.1966408042103935,0.5881922893203166,0.9934277617822097,0.23149929497585744,0.19545386714837024,45.31065088757396,78.7329557359543,3.2,1.35400640077266,0.20605956069785758,0.07141733960860032,0.25961538461538464,0.10316020183961323,325.64531508875734,847.73252653877,0.07692307692307693,0.12475508907188587,0.4026146095313523,0.5404761904761906,0.08477587424270847,statlog-heart.arff,60,KNeighborsClassifier,training_utility_sampling,0.771043771043771
0,0.06878464794500613,0.05950263670006728,1.4317674785608088,0.5135613678210699,0.19696969696969696,0.6404761904761904,0.19095508581124027,0.772794504152064,,0.0,0.10003202679764413,0.0772126390909029,0.976020648236615,0.21607761839571415,0.14433134124138897,16.19766361843284,56.464587836741224,322.95160910883993,863.2570167961682,0.6333333333333333,0.17139917443419797,7.795378227641978,0.5,0.128564869306645,44.69387019390024,78.50764280043506,39.22236883788038,43.950710128419516,77.26917988769362,5.076923076923077,11.373076923076923,18.619239773513574,2.2825830861009124,0.49127577600398736,0.5540282811728591,4.27105234779865,14.0,4.142857142857143,0.9492622930986468,0.07142857142857142,0.1072080078543688,65.73333333333333,23.085659884605683,0.5,0.0,1.4826915783114016,0.7452380952380953,0.1809976273144884,7.219121538461538,13.210038745288779,82.01538461538462,162.5420040387194,45.78065268065268,79.68857066333645,45.25384615384615,79.11808279806219,28.615384615384617,50.2237302171302,0.1252050406965117,0.08126559000110868,0.7571428571428572,0.15584682804614067,13.0,1.0,0.19696969696969696,2.6,1.140175425099138,1.4444444444444444,0.5270462766947299,13.0,3.0,0.0,2.0,0.05128205128205128,1.0,66.0,1.0,13.0,5.0,10.435382078835895,,0.6785714285714286,0.1695703223747738,0.5972113456476345,0.5619047619047619,0.07291227985940223,53.400000000000006,115.44383916000024,1.4826915783114016,9.132989750703942,16.10905903312092,1.1985783764011726,0.6035080400952936,0.9753045347276859,0.2315123420705372,0.19561084370903947,45.309038461538464,78.78237634417927,3.3333333333333335,1.3867504905630728,0.2091839905072313,0.03553401494820861,0.24553571428571427,0.1060498276003593,322.9516091088398,837.1893872791975,0.07692307692307693,0.09893154807189465,0.40278865435236555,0.5785714285714285,0.12194877677622865,statlog-heart.arff,61,KNeighborsClassifier,training_utility_sampling,0.771043771043771
0,0.05332721910400337,0.048838872332242544,1.429904810212692,0.5141374252610902,0.19402985074626866,0.6476190476190476,0.18639814397574195,0.7731725193840702,,0.0,0.10189066573342474,0.07887942996714167,0.9726699911457106,0.22144544378694211,0.1450617926471119,16.931850073641115,58.899944080692485,322.3042608635147,859.0180890696143,0.6404761904761903,0.16664776914785015,7.679225570987065,0.5,0.13719982321530022,44.654543103902725,78.44751552995065,40.30618774008387,43.90819453568445,77.21295266362395,5.153846153846154,11.353846153846153,18.48700513805194,2.275912290646312,0.493631064421389,0.5809885048245343,4.31463322797987,14.0,4.142857142857143,0.9492622930986468,0.07142857142857142,0.10923694315384093,65.73333333333333,23.085659884605683,0.5,0.0,1.4862989063366958,0.7642857142857143,0.15489412341460843,7.162098461538462,13.144705264479335,82.01538461538462,162.5420040387194,45.741102181400684,79.62704211960705,45.29230769230769,79.13413150613816,28.615384615384617,50.2237302171302,0.12666251071209078,0.08137386771750338,0.7595238095238096,0.15731512122836439,13.0,1.0,0.19402985074626866,2.6,1.140175425099138,1.625,1.1877349391654208,13.0,3.0,0.0,2.0,0.0641025641025641,1.0,67.0,1.0,13.0,5.0,10.289092582910547,,0.6857142857142857,0.1625725413215158,0.5977957447307104,0.7619047619047619,0.1806318520117626,53.400000000000006,115.44383916000024,1.4862989063366958,9.150195255755941,16.076681973658125,1.1995010641169408,0.6250587865813224,0.9740350933374615,0.23146484046841562,0.19582493716233693,45.23902439024392,78.6548653079083,3.3333333333333335,1.3867504905630728,0.2091839905072313,0.03553401494820861,0.24553571428571427,0.1060498276003593,322.30426086351457,830.459930064342,0.07692307692307691,0.11833521324961996,0.4022042552692896,0.569047619047619,0.11795797621263002,statlog-heart.arff,62,KNeighborsClassifier,training_utility_sampling,0.771043771043771
0,0.05973520359344523,0.06168618306823203,1.4300678027297222,0.5128196873419166,0.19117647058823528,0.6666666666666667,0.21295885499997996,0.7584441511278379,,0.0,0.10121445849345179,0.08144170230634637,0.9774178175281716,0.21370366578717828,0.14196790582506252,17.00644064744152,59.18857727335708,319.3351284865267,848.533410293145,0.6023809523809524,0.1365679085685713,7.8994572992230205,0.5,0.12478354962115547,44.64582774365777,78.4494750213928,38.08465568436897,43.90123507544345,77.22739329087672,5.230769230769231,11.338461538461539,18.286198732994347,2.283753345937693,0.49662706578072263,0.5714729298443539,4.395985174803994,16.0,4.4375,1.0935416468216166,0.0625,0.09865005783087308,89.46666666666667,40.52561329990372,0.5,0.0,1.3542569589415008,0.7523809523809523,0.1627274461125626,7.162098461538462,13.036259449129982,82.01538461538462,162.5420040387194,45.73223981900453,79.61340054839485,45.29230769230769,79.13413150613816,28.615384615384617,50.2237302171302,0.12373227432020031,0.08004742227193329,0.75,0.16619358405850734,15.0,1.1538461538461537,0.22058823529411764,2.5,1.378404875209022,1.875,1.3562026818605375,13.0,3.0,0.0,2.0,0.05128205128205128,1.0,68.0,1.0,13.0,5.0,10.55775896456024,,0.6642857142857143,0.18796291641998314,0.5752375303800267,0.7547619047619046,0.2228025302776213,53.400000000000006,115.44383916000024,1.3542569589415008,9.133964026589844,15.986389485583668,1.196288668973036,0.6229075023272563,0.977522897155324,0.23137425811513565,0.19608374286568978,45.231135531135536,78.63561391359735,3.6129032258064515,1.4983862286882446,0.16984533482253455,0.07844538137044728,0.220703125,0.1126554192641585,319.3351284865266,819.3230391749322,0.07692307692307694,0.11934867006167127,0.4247624696199733,0.5166666666666667,0.10884885191107106,statlog-heart.arff,63,KNeighborsClassifier,training_utility_sampling,0.771043771043771
0,0.06404866885233776,0.057983058915617176,1.4281403871992646,0.5104779241998588,0.18840579710144928,0.6523809523809524,0.19186005229703898,0.7566119810322622,,0.0,0.09796431228184142,0.07849404897640459,0.9742408334889756,0.21021694222204892,0.13882067747263627,16.983838011235708,58.90001098994533,317.17205390517444,841.9497281733859,0.5928571428571429,0.19062494191664853,8.02178977012234,0.5,0.13322301674529152,44.56443228410221,78.30275706827283,38.404293872494804,43.824655721363534,77.09021203416371,5.3076923076923075,11.215384615384616,17.86998629704036,2.280931910570741,0.49004266849488665,0.5641478954780392,4.434268706327967,16.0,4.4375,1.0935416468216166,0.0625,0.10050892690917461,89.46666666666667,40.52561329990372,0.5,0.0,1.3389716809925722,0.7547619047619046,0.13377195428070343,7.162098461538462,13.144705264479335,82.01538461538462,162.5420040387194,45.650278706800435,79.4561146972059,45.29230769230769,79.13413150613816,28.615384615384617,50.2237302171302,0.12144931011749983,0.07948366860880425,0.7214285714285713,0.1918108005821222,15.0,1.1538461538461537,0.21739130434782608,2.5,1.378404875209022,1.5,0.7071067811865476,13.0,3.0,0.0,2.0,0.05128205128205128,1.0,69.0,1.0,13.0,3.0,10.759147794397238,,0.6666666666666666,0.1781741612749496,0.5724616898415643,0.6785714285714286,0.15521910488577736,53.400000000000006,115.44383916000024,1.3389716809925722,9.111769622345035,15.926707672199278,1.1869885086371694,0.613381554642907,0.9807235352732014,0.23114974003447342,0.1964957850814961,45.13434704830053,78.43825553665238,3.6129032258064515,1.4983862286882446,0.16984533482253455,0.07844538137044728,0.220703125,0.1126554192641585,317.17205390517415,812.7779155630244,0.07692307692307693,0.109635303721813,0.42753831015843563,0.65,0.17317234805683984,statlog-heart.arff,64,KNeighborsClassifier,density_weighted_sampling,0.771043771043771
0,0.05645699350415239,0.053428663427026415,1.428236452711341,0.5143672824863845,0.18571428571428572,0.6857142857142857,0.11268723396380222,0.7540336931839783,,0.0,0.09761878840001194,0.07540687569805785,0.9709505944546688,0.20986084830715945,0.13934280600935,17.106149599193078,59.206247708096676,314.5886448479055,835.1863536400881,0.6,0.17561037061510262,8.03472798887322,0.5,0.14142135623730948,44.51126560067916,78.19839717218225,38.871728486268836,43.77633334731494,76.99734699332294,5.384615384615385,11.23076923076923,17.832689300616092,2.2783428075353367,0.49143527326195174,0.5970676867405913,4.4767656154977455,16.0,4.4375,1.0935416468216166,0.0625,0.10233664600545721,89.46666666666667,40.52561329990372,0.5,0.0,1.3178559838163937,0.7428571428571427,0.11268723396380219,7.105075384615384,13.131191810032968,82.01538461538462,162.5420040387194,45.589340659340664,79.34262149641641,45.099999999999994,78.72301654111925,28.615384615384617,50.2237302171302,0.12084423963067276,0.07501948527244857,0.7428571428571429,0.14754222271266348,15.0,1.1538461538461537,0.21428571428571427,2.5,1.378404875209022,1.6666666666666667,0.7071067811865476,13.0,3.0,0.0,2.0,0.05128205128205128,1.0,70.0,1.0,13.0,3.0,10.81882112938402,,0.6714285714285715,0.096421222530079,0.5685668104566699,0.5428571428571428,0.11268723396380222,53.400000000000006,115.44383916000024,1.3178559838163937,9.08209820095654,15.857053589567903,1.180906599458586,0.6203792794929612,0.9927813955051774,0.23131122927202136,0.1964545131249573,45.06630036630036,78.3123607873267,3.6129032258064515,1.4983862286882446,0.16984533482253455,0.07844538137044728,0.220703125,0.1126554192641585,314.58864484790575,805.4479956426322,0.07692307692307691,0.09841820989678589,0.43143318954333004,0.5285714285714285,0.11761037176408067,statlog-heart.arff,65,KNeighborsClassifier,expected_error_reduction,0.771043771043771
0,0.06567740442879745,0.058006606038739535,1.4287142982311072,0.5163638666438647,0.18309859154929578,0.6910714285714286,0.10781863603590981,0.7565807557335231,,0.0,0.09723686083859134,0.07503264911635622,0.9675594819018213,0.20944937983899137,0.13907491885362014,16.999098694732496,59.35087044204053,312.9972892741061,832.8217479879072,0.5625,0.08386311192622245,8.022495848084393,0.5,0.1493887565887072,44.48548794617266,78.09570310354542,39.426932992119276,43.754673830215395,76.89889513523455,5.461538461538462,11.207692307692307,17.931418494663752,2.2756679860977895,0.4945973732163301,0.6168413718989731,4.4772315358940045,16.0,4.4375,1.0935416468216166,0.0625,0.10413252432595466,89.46666666666667,40.52561329990372,0.5,0.0,1.338713215372456,0.7499999999999999,0.16235930591649828,7.276144615384615,13.497152314020793,82.01538461538462,162.5420040387194,45.55731310942578,79.23673601547605,44.9076923076923,78.31375423617555,28.615384615384617,50.2237302171302,0.12060579403513866,0.07543295772700358,0.7499999999999999,0.16235930591649828,15.0,1.1538461538461537,0.2112676056338028,2.5,1.378404875209022,1.6666666666666667,0.7071067811865476,13.0,3.0,0.0,2.0,0.05128205128205128,1.0,71.0,1.0,13.0,3.0,10.846149761385837,,0.6749999999999999,0.0988166950926054,0.572414439946309,0.7178571428571429,0.1653433862425397,53.400000000000006,115.44383916000024,1.338713215372456,9.051081047369802,15.821867449105158,1.181080537436263,0.6254093283151144,0.9946608445168399,0.2313020067852039,0.19661129336285632,45.039892665474056,78.20412452488873,3.6129032258064515,1.4983862286882446,0.16984533482253455,0.07844538137044728,0.220703125,0.1126554192641585,312.9972892741061,802.8883572677315,0.07692307692307693,0.10050937465003193,0.427585560053691,0.5071428571428571,0.09788002281473554,statlog-heart.arff,66,KNeighborsClassifier,training_utility_sampling,0.771043771043771
0,0.05695630119197987,0.05586218237965181,1.4326256453634498,0.5148243738388398,0.18055555555555555,0.6392857142857142,0.06776309271789387,0.7624552517475244,,0.0,0.09446745911908166,0.07620749575244616,0.9725523165688429,0.20786071557495134,0.13739946727520666,16.150379699851534,56.56914360494833,316.38025400264826,842.1228174878007,0.6517857142857142,0.10145274136344828,8.107144439958157,0.5,0.13749298523071754,44.42859106896677,77.86448220375455,37.662918019757754,43.68547666262123,76.63787546871558,5.538461538461538,11.215384615384616,18.038528032789802,2.285215585071783,0.4924971019380425,0.6991336830302777,4.366788938528067,17.0,4.529411764705882,1.0675700831106785,0.058823529411764705,0.10009753776235303,98.26666666666667,41.292399085330736,0.5,0.04159451654038516,1.3885617182281598,0.7410714285714285,0.16693218645690663,7.276144615384615,13.452972964845982,82.16923076923078,162.46314138195257,45.51880341880341,79.02654964835148,44.94615384615384,78.19332468722013,28.615384615384617,50.2237302171302,0.11996237686050927,0.07907892805920216,0.7428571428571428,0.17235201019860813,16.0,1.2307692307692308,0.2222222222222222,2.6666666666666665,1.632993161855452,1.7777777777777777,0.8333333333333334,13.0,3.0,0.0,2.0,0.05128205128205128,1.0,72.0,1.0,13.0,5.0,10.942291265446405,,0.6803571428571429,0.11555900319730457,0.5813380109173808,0.5821428571428572,0.11424850584771504,53.55384615384616,115.3741205483608,1.3885617182281598,9.095157895709134,15.910056146747738,1.1895767322022741,0.640025189211607,0.9989432577100146,0.2313072300315861,0.19674227742475342,45.01258741258742,78.03898384679972,3.696969696969697,1.4892290053255846,0.16942231774349922,0.08135560508210815,0.2113970588235294,0.11077750994474836,316.38025400264826,815.2989932271591,0.07692307692307693,0.10504329640211815,0.41866198908261926,0.5839285714285714,0.14532832872241977,statlog-heart.arff,67,KNeighborsClassifier,training_utility_sampling,0.7595048629531388
0,0.05518789233604679,0.05594482205878165,1.4333423932487814,0.5153536352572531,0.1780821917808219,0.6875,0.07997040977705001,0.7551277918993169,,0.0,0.09408584867639233,0.07348521787043673,0.9770012394218561,0.20473062667979944,0.13597905858067166,15.798576718182886,55.02399704631089,313.9481650275144,833.2153023001916,0.5875,0.14927308748909188,8.174987607008312,0.5,0.12592312541678247,44.372150492825426,77.73712514681318,36.71685656733875,43.63436789590972,76.52313015269921,5.615384615384615,11.36923076923077,17.960298095864324,2.290832596521264,0.4925715114374077,0.7181532902035072,4.419330872280944,17.0,4.470588235294118,1.007326105267277,0.0588235294117647,0.10271286245626805,94.8,40.92757831422068,0.5,0.04159451654038516,1.3267609121555661,0.7571428571428571,0.17173418525584105,7.162098461538462,13.144705264479335,82.16923076923078,162.46314138195257,45.45911485774499,78.88732030568822,44.9076923076923,78.11984875325074,28.615384615384617,50.2237302171302,0.11951103614937415,0.07875174283473098,0.7714285714285714,0.1452673662931581,16.0,1.2307692307692308,0.2191780821917808,2.6666666666666665,1.632993161855452,2.2857142857142856,0.7559289460184545,13.0,3.0,0.0,2.0,0.05128205128205128,1.0,73.0,1.0,13.0,4.0,10.993389392568558,,0.6446428571428571,0.1602617084419849,0.5702179820987381,0.5607142857142857,0.0887683422967012,53.55384615384616,115.3741205483608,1.3267609121555661,9.071034318247932,15.84202880136904,1.1821150539919285,0.6396150193678964,1.007891054277342,0.23145551181591642,0.19670432559654646,44.933846153846154,77.84674024249034,3.6363636363636362,1.4538350537926796,0.16651370033007767,0.09821484404596023,0.21507352941176472,0.10238987089436487,313.9481650275143,807.5569875192377,0.07692307692307693,0.12107905463189106,0.4297820179012619,0.6339285714285714,0.1323652140353398,statlog-heart.arff,68,KNeighborsClassifier,training_utility_sampling,0.7595048629531388
0,0.052033389267098815,0.051979613471153194,1.431844697355103,0.517464256411095,0.17567567567567569,0.7053571428571429,0.09753553338198773,0.742732695728719,,0.0,0.09003568238081629,0.06946589231159349,0.9809470132751209,0.20286741614325052,0.1341923528307581,15.472223250647907,54.13604697388953,313.17083259761336,833.1205208104615,0.6053571428571428,0.08806708044210602,8.609704606793306,0.5,0.1146659645167374,44.33391434868236,77.59497282946678,35.177582912509926,43.59824365448703,76.38086000137598,5.6923076923076925,11.350000000000001,18.114473955008098,2.2988566735906115,0.49548461089899615,0.7088056571049666,4.3748044627798635,16.0,4.25,0.7745966692414834,0.0625,0.10014294628565634,76.4,22.227910383119692,0.5,0.08838834764831845,1.230409596408316,0.7714285714285714,0.14055687755376609,7.333167692307692,13.465378722025209,82.16923076923078,162.46314138195257,45.42068607068606,78.74414391362227,44.86923076923077,77.97631461556543,28.615384615384617,50.2237302171302,0.11393503703961289,0.07560152488476478,0.7589285714285714,0.14439892227033574,15.0,1.1538461538461537,0.20270270270270271,3.0,1.8708286933869707,1.6666666666666667,0.7071067811865476,13.0,3.0,0.0,2.0,0.05128205128205128,1.0,74.0,1.0,13.0,4.0,11.56720263194613,,0.6357142857142857,0.143401739727648,0.5516518573044499,0.7339285714285715,0.20034868980272602,53.55384615384616,115.3741205483608,1.230409596408316,9.047935950422437,15.829755576262768,1.1783886138145012,0.6301328446728982,1.0086766800240645,0.231461717192938,0.19683333213283302,44.91354515050167,77.72761523991086,3.4193548387096775,1.31083163293097,0.2519190388081422,0.11398826128179262,0.23046875,0.08529590039972614,313.17083259761336,808.3111638225836,0.07692307692307693,0.10150089316497324,0.4483481426955502,0.5696428571428571,0.11555900319730456,statlog-heart.arff,69,KNeighborsClassifier,expected_error_reduction,0.7734843437708194
0,0.05273501450599647,0.05290371461966373,1.430567161921477,0.5179367383218317,0.17333333333333334,0.6660714285714285,0.11357978905036593,0.7455860520249181,,0.0,0.09097410164031004,0.06847711400051644,0.9782176659354249,0.20368296173839615,0.13291242507739306,15.52117440517441,53.1725445540099,316.3614103950106,844.8480809632902,0.5982142857142858,0.18118132446695745,8.506662388915824,0.5,0.12256517540566825,44.19772523892235,77.30076527783105,35.69413346230979,43.45327209062936,76.05660182564374,5.769230769230769,11.484615384615385,18.54687063243852,2.293790530303723,0.4957193098979467,0.6780845420739466,4.236675945359083,14.0,4.214285714285714,1.1217137594956024,0.07142857142857142,0.10322752470112734,71.86666666666666,37.99339573739258,0.5,0.10101525445522107,1.2517378061044493,0.7446428571428572,0.1479858154935857,7.504236923076925,13.792900457471701,82.16923076923078,162.46314138195257,45.28892307692308,78.47923861031464,44.83076923076923,77.83383352389654,28.615384615384617,50.2237302171302,0.11499429755317925,0.07419936231671358,0.7589285714285714,0.14439892227033574,13.0,1.0,0.17333333333333334,2.1666666666666665,1.1690451944500122,1.4444444444444444,0.8819171036881969,13.0,3.0,0.0,2.0,0.05128205128205128,1.0,75.0,2.0,13.0,4.0,11.440331323906818,,0.6089285714285715,0.15045518614706757,0.555898560974104,0.6910714285714286,0.19885763603752016,53.55384615384616,115.3741205483608,1.2517378061044493,9.069239487747232,15.925435555570784,1.1753641975570084,0.6409990210760536,0.9845819272215951,0.2315449298622376,0.19686832565874585,44.7902564102564,77.52636636075249,3.4074074074074074,1.500237398118128,0.16560894443600144,0.10431433864929832,0.24330357142857142,0.11378708941278429,316.3614103950104,821.189720638688,0.07692307692307694,0.08998989275195558,0.44410143902589605,0.5232142857142856,0.06302219491698297,statlog-heart.arff,70,KNeighborsClassifier,density_weighted_sampling,0.7734843437708194
0,0.04982634015850867,0.047031676616316465,1.4276343939635414,0.5181436702698798,0.17105263157894737,0.6857142857142857,0.12434636360018562,0.7345529244773042,,0.0,0.08675901226888018,0.0666654313093267,0.9819407868640977,0.2032324895454915,0.13543963249163382,15.92565924426451,54.717050186808756,315.29409757085017,842.2974362631317,0.4892857142857142,0.18845655471718945,9.103575295536816,0.5,0.11164843913471806,44.14977994815437,77.19941155353838,33.449597647653434,43.407419104654736,75.9595863632306,5.846153846153846,11.61923076923077,18.953270808991636,2.3017119781861983,0.5009451539481452,0.702380907181497,4.251375001840553,14.0,4.214285714285714,1.1217137594956024,0.07142857142857142,0.10175247467009606,71.86666666666666,37.99339573739258,0.5,0.10101525445522107,1.1718733657088747,0.7499999999999999,0.1418616105692022,7.56126,13.896557774492212,82.16923076923078,162.46314138195257,45.23957489878542,78.37421071463757,44.83076923076923,77.97209313396883,28.615384615384617,50.2237302171302,0.10786320264144034,0.07356055588494093,0.7482142857142857,0.15554973466595345,13.0,1.0,0.17105263157894737,2.1666666666666665,1.1690451944500122,1.4444444444444444,0.7264831572567789,13.0,3.0,0.0,2.0,0.038461538461538464,1.0,76.0,1.0,13.0,5.0,12.235601752984236,,0.575,0.16512896080380668,0.5395679988581602,0.6928571428571428,0.16318645346383476,53.55384615384616,115.3741205483608,1.1718733657088747,9.05887229525054,15.895497512449609,1.1741062231664756,0.6452647683654734,0.9951764378095346,0.23165097597224296,0.19687116596613988,44.72625418060201,77.39122789679062,3.4074074074074074,1.500237398118128,0.16560894443600144,0.10431433864929832,0.24330357142857142,0.11378708941278429,315.2940975708501,817.1568974723701,0.07692307692307693,0.08701307700530839,0.4604320011418398,0.6035714285714285,0.1540275618060559,statlog-heart.arff,71,KNeighborsClassifier,density_weighted_sampling,0.7734843437708194
0,0.05240524730040292,0.05312321895171377,1.4276808782085963,0.5197266824591135,0.16883116883116883,0.6625,0.10957879054757119,0.7381810479914418,,0.0,0.08889042850985976,0.06772364355294773,0.9852281360342515,0.20222651604737785,0.13385177748049346,16.041007019296487,56.272114966812566,315.3779444239972,839.9299460730773,0.47857142857142854,0.1922904666975626,8.855064094450684,0.5,0.10101525445522107,44.13794019269192,77.22028423554204,34.53093045954893,43.38891592180755,75.96935785503904,5.923076923076923,11.753846153846155,19.3611559307382,2.3016474665538054,0.4995006948372818,0.699915744287106,4.220405547617119,14.0,4.214285714285714,1.1217137594956024,0.07142857142857144,0.10171920202735459,71.86666666666666,37.99339573739258,0.5,0.10101525445522107,1.1973736356369744,0.7535714285714286,0.14131107834022782,7.73232923076923,13.947718725766867,82.16923076923078,162.46314138195257,45.23386613386614,78.40111974120272,44.83076923076923,77.83383352389654,28.615384615384617,50.2237302171302,0.11126154768904237,0.07406098567917713,0.7517857142857143,0.15509350920860437,13.0,1.0,0.16883116883116883,2.1666666666666665,1.1690451944500122,1.625,0.9161253813129043,13.0,3.0,0.0,2.0,0.02564102564102564,1.0,77.0,1.0,13.0,5.0,11.831754616596996,,0.5982142857142857,0.16883160242479564,0.5449112596137433,0.7803571428571429,0.1315058649528864,53.55384615384616,115.3741205483608,1.1973736356369744,9.071487860058575,15.890559780297469,1.1726752788869839,0.6405782904266063,0.9934981760802518,0.23175958459118376,0.19686758242008917,44.752373158756136,77.4737715102497,3.4074074074074074,1.500237398118128,0.16560894443600144,0.10431433864929832,0.24330357142857142,0.11378708941278429,315.37794442399706,813.326398206805,0.07692307692307693,0.09146237195699809,0.45508874038625663,0.5857142857142856,0.12423233664947204,statlog-heart.arff,72,KNeighborsClassifier,density_weighted_sampling,0.7734843437708194
0,0.05204200187008436,0.05195629845110483,1.4269554639260644,0.5184996817965452,0.16666666666666666,0.6660714285714285,0.08950370214919995,0.7433043947645983,,0.0,0.09221198320032692,0.0671676950356215,0.9881108365218302,0.2033301491593908,0.13396629206982033,16.039053467899627,57.145826058486875,314.61902674248853,837.9735347182077,0.5267857142857142,0.12633919807613764,8.530010390157827,0.5,0.09065471553673685,44.14155963182042,77.28079822248965,35.32822295415626,43.392317409127976,76.02562868719832,6.0,11.773076923076925,19.24092443405262,2.29922695309353,0.49497622265623714,0.6564317663799593,4.163998449832544,15.0,4.333333333333333,1.1126972805283735,0.06666666666666667,0.09790229611638118,80.66666666666667,39.43650713790579,0.5,0.14142135623730948,1.2346439788066166,0.7571428571428571,0.12348859504657086,7.846375384615385,14.204677757621848,82.16923076923078,162.46314138195257,45.241913214990134,78.46012027268505,44.638461538461534,77.60862858451522,28.615384615384617,50.2237302171302,0.11583934735436442,0.07464809111992023,0.7535714285714286,0.1565374340340618,14.0,1.0769230769230769,0.1794871794871795,2.3333333333333335,1.2110601416389968,1.4,0.9660917830792958,13.0,3.0,0.0,2.0,0.038461538461538464,1.0,78.0,1.0,13.0,4.0,11.318400409844003,,0.5892857142857143,0.1775765939306702,0.5525014232763658,0.4892857142857142,0.13552618543578768,53.55384615384616,115.3741205483608,1.2346439788066166,9.061770226181947,15.870684485435241,1.1738807118669161,0.6246687648202924,0.9835741104811567,0.23174877545178296,0.19699691421022794,44.7735576923077,77.56816420371487,3.5172413793103448,1.5028708160235105,0.16857586908375735,0.08691366205145264,0.23125,0.11378237372909994,314.61902674248824,810.5222158526904,0.07692307692307693,0.0919638789373017,0.44749857672363424,0.6410714285714285,0.15325502658837384,statlog-heart.arff,73,KNeighborsClassifier,expected_error_reduction,0.7734843437708194
0,0.053936136888402056,0.052009587458502246,1.4302988649796202,0.5144807222842287,0.16455696202531644,0.6714285714285715,0.10316697163472997,0.7456621476559603,,0.0,0.09432101382645522,0.06966684637987035,0.9906174973781801,0.20456573823550922,0.13254368551094786,15.873812823009507,56.57377581761101,310.8879629490924,828.171525901361,0.5821428571428571,0.1318153384349182,8.503668659510911,0.5,0.08055646874277124,44.160755163760356,77.3228737799957,35.16579609354663,43.41864448620212,76.079924763221,6.076923076923077,11.676923076923078,18.916886364927763,2.30442340654746,0.4955167695795033,0.6509495965274539,4.205481352103318,15.0,4.333333333333333,1.1126972805283735,0.06666666666666667,0.09798793741821475,80.66666666666667,39.43650713790579,0.5,0.14142135623730948,1.2523133206178165,0.7607142857142857,0.13604804406820623,7.618283076923078,13.917176342696928,82.16923076923078,162.46314138195257,45.255014605647524,78.4855817824278,44.83076923076923,77.83383352389654,28.615384615384617,50.2237302171302,0.11649295581034028,0.0741467431168279,0.7607142857142857,0.17007568009992272,14.0,1.0769230769230769,0.17721518987341772,2.3333333333333335,1.2110601416389968,1.5555555555555556,1.1303883305208782,13.0,3.0,0.0,2.0,0.038461538461538464,1.0,79.0,1.0,13.0,4.0,11.277985866443801,,0.6107142857142857,0.1968429971649482,0.5560120384468992,0.6214285714285714,0.15310468015021692,53.55384615384616,115.3741205483608,1.2523133206178165,9.010202787455409,15.774860572057634,1.1742309385363203,0.6079696294570126,0.9789802246823344,0.23185148346361192,0.1969939642927445,44.80266875981161,77.62687949027644,3.5172413793103448,1.5028708160235105,0.16857586908375735,0.08691366205145264,0.23125,0.11378237372909994,310.8879629490924,800.9482491164765,0.07692307692307694,0.0950907386354077,0.44398796155310083,0.6839285714285714,0.1336438773047351,statlog-heart.arff,74,KNeighborsClassifier,expected_error_reduction,0.7734843437708194
0,0.05424156271004843,0.05317229424718875,1.4319592911341563,0.5161366106129874,0.1625,0.6875,0.08838834764831845,0.7502539906535934,,0.0,0.0952101866974989,0.07034122413017257,0.9927744539878083,0.20416770984987592,0.13385166752071692,15.813336781888992,56.11113805963488,307.45804515579323,818.4473330452848,0.6125,0.09223309842157773,8.33083028981505,0.5,0.07071067811865477,44.20206514103313,77.3768427463243,35.057870028076735,43.46435510766896,76.14572979668814,6.153846153846154,11.561538461538463,18.60592595839376,2.305565016501777,0.4953373826524278,0.6647984038218385,4.249177837570755,15.0,4.333333333333333,1.1126972805283735,0.06666666666666667,0.09816015824491454,80.66666666666667,39.43650713790579,0.5,0.14142135623730948,1.2877068155584044,0.7625,0.13756311682682648,7.6753061538461544,13.722282483300376,82.16923076923078,162.46314138195257,45.29413461538461,78.52224367606338,44.86923076923077,77.8519790437317,28.615384615384617,50.2237302171302,0.11916872862018758,0.07795839217147667,0.7625,0.1712900399257872,14.0,1.0769230769230769,0.175,2.3333333333333335,1.2110601416389968,1.4,0.9660917830792959,13.0,3.0,0.0,2.0,0.02564102564102564,1.0,80.0,2.0,13.0,4.0,11.016233685752168,,0.6,0.17480147469502527,0.5628810504916423,0.575,0.10540925533894598,53.55384615384616,115.3741205483608,1.2877068155584044,8.973741722833935,15.679312432893912,1.1677582826414472,0.5986016055259792,0.9841703858664435,0.23194630002648253,0.19699742624634606,44.86746794871794,77.70791401034867,3.5172413793103448,1.5028708160235105,0.16857586908375735,0.08691366205145264,0.23125,0.11378237372909994,307.4580451557935,791.3279987606332,0.07692307692307693,0.09533137999068653,0.4371189495083577,0.625,0.15590239111558088,statlog-heart.arff,75,KNeighborsClassifier,density_weighted_sampling,0.7734843437708194
0,0.047733882123983364,0.04613328907706432,1.437518581006542,0.5126898513971917,0.16049382716049382,0.6430555555555555,0.11858541225631422,0.7533480744821103,,0.0,0.09603151863448947,0.0694310124200797,0.9946059813005232,0.2030911670948019,0.13349321020461902,15.70220738366572,55.517099454776144,304.4315306267807,808.5743175770999,0.5680555555555555,0.18742282362299106,8.158857005609887,0.5,0.061107993435874475,44.207220341485296,77.38405612199712,35.16818916295067,43.474674494267575,76.16485179034758,6.230769230769231,11.446153846153846,18.29629358570634,2.310219498813901,0.49093922399793044,0.6755471529841601,4.3005600008040386,15.0,4.333333333333333,1.1126972805283735,0.06666666666666667,0.09673845937856658,80.66666666666667,39.43650713790579,0.5,0.14142135623730948,1.312316877374017,0.7666666666666666,0.11979921473804347,7.73232923076923,13.642316411559573,82.16923076923078,162.46314138195257,45.29487179487179,78.51526574623232,44.9076923076923,77.87090236986751,28.615384615384617,50.2237302171302,0.1219050634931645,0.07539947579616721,0.7680555555555555,0.16250593531420837,14.0,1.0769230769230769,0.1728395061728395,2.3333333333333335,1.2110601416389968,1.5555555555555556,0.7264831572567789,13.0,3.0,0.0,2.0,0.02564102564102564,1.0,81.0,2.0,13.0,4.0,10.792115436510535,,0.5930555555555556,0.12947245762690465,0.5675333213259032,0.5694444444444444,0.0941990275434065,53.55384615384616,115.3741205483608,1.312316877374017,8.939515073994043,15.595714719360092,1.166152561017638,0.5923523813913956,0.9883192205286352,0.23192041808096933,0.19713900632519102,44.8607535321821,77.69248315112696,3.5172413793103448,1.5028708160235105,0.16857586908375735,0.08691366205145264,0.23125,0.11378237372909994,304.4315306267806,781.6859465298273,0.07692307692307694,0.09076335585474332,0.4324666786740968,0.6319444444444444,0.1321270666002809,statlog-heart.arff,76,KNeighborsClassifier,expected_error_reduction,0.7734843437708194
0,0.05467345336358738,0.052622287119713076,1.4366017799971251,0.513447126898577,0.15853658536585366,0.6375,0.1732805494971066,0.7562129072331262,,0.0,0.09749874915953381,0.07200832674560599,0.9931231770192239,0.2030326859058569,0.13267002329229755,15.45602749403562,54.54882858284993,301.3607617029162,798.884387110458,0.6347222222222222,0.15229300192790868,8.088546960415831,0.5,0.06898602743283393,44.2547388476647,77.46074132071908,35.01445442357689,43.52650269811488,76.25027897649545,6.3076923076923075,11.36923076923077,18.142359944587536,2.306943549937992,0.49393909479325443,0.704827943532397,4.347370079689453,15.0,4.333333333333333,1.1126972805283735,0.06666666666666667,0.09819769001017088,80.66666666666667,39.43650713790579,0.5,0.14142135623730948,1.3356734659595058,0.7722222222222223,0.1589251447886411,7.73232923076923,13.685884555559706,82.16923076923078,162.46314138195257,45.3344277673546,78.58068379880886,45.138461538461534,78.31394659171015,28.615384615384617,50.2237302171302,0.12278140707835707,0.07777403295377808,0.773611111111111,0.22624162066045056,14.0,1.0769230769230769,0.17073170731707318,2.3333333333333335,1.2110601416389968,1.5555555555555556,0.8819171036881969,13.0,3.0,0.0,2.0,0.02564102564102564,1.0,82.0,1.0,13.0,4.0,10.70048311207502,,0.6,0.15587489267791826,0.5718579610659766,0.6722222222222223,0.11897337484993205,53.55384615384616,115.3741205483608,1.3356734659595058,8.902204326526068,15.511957102538828,1.1646516679406513,0.5986317959781261,0.9932862195171082,0.2319417444577087,0.1972228115737435,44.93276923076923,77.81513897067614,3.5172413793103448,1.5028708160235105,0.16857586908375735,0.08691366205145264,0.23125,0.11378237372909994,301.3607617029162,772.6086769975673,0.07692307692307691,0.092202950776489,0.42814203893402336,0.6138888888888889,0.20452276411813922,statlog-heart.arff,77,KNeighborsClassifier,density_weighted_sampling,0.7734843437708194
0,0.0481911323828698,0.04205403160152646,1.428314056358837,0.5202240481994129,0.1566265060240964,0.6763888888888889,0.16224193394531358,0.7586470628009346,,0.0,0.09680722938081002,0.0716334835929469,0.9915017866855546,0.20344013121352517,0.13228483219957105,15.295880143463156,53.807055930772776,298.5792129116841,789.4865651153,0.6402777777777777,0.08916094554931708,8.174417263065985,0.5,0.0766742292852883,44.283335733846506,77.52112354784306,35.17876185178925,43.559915852317395,76.31926019949387,6.384615384615385,11.292307692307693,17.99543745594336,2.2985225746954168,0.49852573790273813,0.7393979849523268,4.402407383709107,15.0,4.333333333333333,1.1126972805283735,0.06666666666666667,0.09965066272307127,80.66666666666667,39.43650713790579,0.5,0.14142135623730948,1.3559643826532544,0.7722222222222223,0.1589251447886411,7.504236923076922,13.361170918363518,82.16923076923078,162.46314138195257,45.35653382761817,78.6299772591073,45.36923076923077,78.75852741783356,28.615384615384617,50.2237302171302,0.12129326834897479,0.07849241356110973,0.773611111111111,0.2019123677549262,14.0,1.0769230769230769,0.1686746987951807,2.3333333333333335,1.2110601416389968,1.75,0.8864052604279183,13.0,3.0,0.0,2.0,0.02564102564102564,1.0,83.0,1.0,13.0,4.0,10.775707554102771,,0.6166666666666666,0.11381735181754997,0.5755453658964853,0.5555555555555556,0.06740842490074554,53.55384615384616,115.3741205483608,1.3559643826532544,8.86886660133698,15.435325921275139,1.165430636759397,0.6054263261912676,1.0001056560619226,0.23196530233107085,0.19730161522730133,44.96455505279035,77.89435983862825,3.5172413793103448,1.5028708160235105,0.16857586908375735,0.08691366205145264,0.23125,0.11378237372909994,298.57921291168424,763.6049029989082,0.07692307692307693,0.09484315487859522,0.4244546341035147,0.6277777777777778,0.21092015405233216,statlog-heart.arff,78,KNeighborsClassifier,expected_error_reduction,0.7734843437708194
0,0.04826910047483367,0.04172093643821678,1.4324208715655613,0.5164466069089229,0.15476190476190477,0.6777777777777778,0.15324004139932174,0.7607174237792133,,0.0,0.09752882302371643,0.07367001138445967,0.9897525351939974,0.20482947202855956,0.133256442107564,15.310427791753094,53.926049993598376,297.0315418818129,787.0922631746205,0.5597222222222222,0.051156883690967665,8.03989867432568,0.5,0.08417937871268424,44.25066203836577,77.42999924296775,35.5731155986073,43.53207919399859,76.23429668593636,6.461538461538462,11.330769230769231,18.291260873952194,2.2990683061499406,0.49724856460071065,0.7681781820233714,4.402394363372034,15.0,4.333333333333333,1.1126972805283735,0.06666666666666667,0.10109539350349019,80.66666666666667,39.43650713790579,0.5,0.14142135623730948,1.3735547952921066,0.775,0.1792808756480006,7.618283076923078,13.600991652402522,82.16923076923078,162.46314138195257,45.3165750915751,78.53500986252888,45.176923076923075,78.37276476181158,28.615384615384617,50.2237302171302,0.123105100609618,0.0789443886562483,0.775,0.18481444370184663,14.0,1.0769230769230769,0.16666666666666666,2.3333333333333335,1.2110601416389968,1.75,0.8864052604279183,13.0,3.0,0.0,2.0,0.02564102564102564,1.0,84.0,1.0,13.0,5.0,10.635755663024483,,0.6194444444444445,0.13163136996285896,0.5786909988412832,0.6861111111111111,0.17000262242792935,53.55384615384616,115.3741205483608,1.3735547952921066,8.839290199247607,15.399351659834245,1.1658493582139713,0.6141904235795086,1.006501304003293,0.23198730684178742,0.19737602559440914,44.91494082840237,77.77732003248795,3.5172413793103448,1.5028708160235105,0.16857586908375735,0.08691366205145264,0.23125,0.11378237372909994,297.031541881813,761.0173031466787,0.07692307692307691,0.09576203624608053,0.42130900115871683,0.6402777777777777,0.22351571847643215,statlog-heart.arff,79,KNeighborsClassifier,density_weighted_sampling,0.7734843437708194
0,0.057304385840086,0.049166709530546145,1.4309310959858446,0.5140737422129303,0.15294117647058825,0.6944444444444444,0.17347216662217774,0.7609042461730803,,0.0,0.09524261304500202,0.071653777239546,0.9878853530449176,0.20204438574673927,0.13222742166645127,15.34642587804353,54.72644529962836,296.0080019392374,784.636977175442,0.5555555555555556,0.13827022706544517,8.167927894209306,0.5,0.09150793638884731,44.23343560693378,77.37754368174444,36.13536730858617,43.51495197722481,76.18693381337452,6.538461538461538,11.600000000000001,18.883325978227457,2.2978695741513597,0.49285471157678057,0.767681049047439,4.423753062166982,15.0,4.333333333333333,1.1126972805283735,0.06666666666666667,0.10253019199350862,80.66666666666667,39.43650713790579,0.5,0.14142135623730948,1.3751574031775315,0.7791666666666666,0.1908227529548494,7.73232923076923,13.642316411559573,82.16923076923078,162.46314138195257,45.29873303167421,78.47802140245206,44.98461538461538,77.9891215293715,28.615384615384617,50.2237302171302,0.1209468748794029,0.08049052022852925,0.7777777777777778,0.18460557442015635,14.0,1.0769230769230769,0.16470588235294117,2.3333333333333335,1.2110601416389968,1.75,1.3887301496588271,13.0,3.0,0.0,2.0,0.02564102564102564,1.0,85.0,1.0,13.0,4.0,10.83107126507103,,0.6236111111111111,0.13248346688786589,0.5789752718442236,0.7333333333333333,0.19519256434150162,53.55384615384616,115.3741205483608,1.3751574031775315,8.83079288474518,15.36859971543066,1.1568679796273442,0.6140397337694048,1.0068401454982656,0.23200453303888116,0.19745751163680791,44.898793363499244,77.70863259552141,3.5172413793103448,1.5028708160235105,0.16857586908375735,0.08691366205145264,0.23125,0.11378237372909994,296.0080019392372,757.7320727602059,0.07692307692307693,0.10387062417417857,0.42102472815577635,0.5930555555555556,0.16680164287513363,statlog-heart.arff,80,KNeighborsClassifier,density_weighted_sampling,0.7734843437708194
0,0.050219466226512306,0.04870995508161062,1.424324856217523,0.5194908768005925,0.1511627906976744,0.675,0.16733405472603666,0.7632670454178498,,0.0,0.09637526910276045,0.07016332799409813,0.985909442028652,0.20142570669574886,0.13150450301410968,15.205931986390256,55.010671625782436,295.23061064926856,782.720967125406,0.5930555555555556,0.16512273566243826,8.150243572800905,0.5,0.09866606249114619,44.23308367197727,77.3198205602318,36.66552082455465,43.51593474114978,76.1315863266647,6.615384615384615,11.61923076923077,18.95162194533688,2.2892674298057227,0.49673891385616725,0.7693807044882732,4.432406221890223,15.0,4.333333333333333,1.1126972805283735,0.06666666666666667,0.10150937942681754,80.66666666666667,39.43650713790579,0.5,0.14142135623730948,1.3956490181570127,0.7680555555555555,0.179430253996874,7.6753061538461544,13.722282483300376,82.16923076923078,162.46314138195257,45.29525939177102,78.41894484725435,44.98461538461538,78.03051589126149,28.615384615384617,50.2237302171302,0.12096686844045267,0.08048789791133772,0.7680555555555555,0.16118160441624468,14.0,1.0769230769230769,0.16279069767441862,2.3333333333333335,1.2110601416389968,1.5555555555555556,0.7264831572567789,13.0,3.0,0.0,2.0,0.01282051282051282,1.0,86.0,1.0,13.0,4.0,10.774503833821766,,0.6416666666666667,0.11962016933124933,0.5825765826208941,0.6666666666666667,0.12712527979394428,53.55384615384616,115.3741205483608,1.3956490181570127,8.819973503056797,15.347917379648996,1.1530029150174164,0.6211711538725454,1.003412706846203,0.23209025144509018,0.1974558591968525,44.899260355029575,77.6375879254831,3.5172413793103448,1.5028708160235105,0.16857586908375735,0.08691366205145264,0.23125,0.11378237372909994,295.23061064926867,755.5199190134061,0.07692307692307693,0.09010623893875258,0.41742341737910593,0.5819444444444445,0.16110179836856486,statlog-heart.arff,81,KNeighborsClassifier,expected_error_reduction,0.7754787585296059
0,0.05011892822635514,0.05141470924875948,1.4220076836481952,0.52063939560383,0.14942528735632185,0.6541666666666666,0.12986915700961035,0.74715478215224,,0.0,0.09107382871012602,0.06488381313225354,0.9884374283487116,0.19802104687152386,0.1328456068361268,15.099776043701462,54.40828411438891,300.0343914625871,800.7515007336059,0.586111111111111,0.09277759296203962,8.583695228588887,0.5,0.0894043056672646,44.33078362660478,77.5407097538297,37.48153208403234,43.60590043292321,76.32786536629065,6.6923076923076925,11.63846153846154,19.134590774368917,2.295292208494856,0.4970440703491478,0.6981420787303907,4.10667482866731,16.0,4.375,1.02469507659596,0.0625,0.09515212084910697,86.0,39.88605994301489,0.5,0.08838834764831845,1.2636739582137906,0.7611111111111111,0.14984559954734641,7.618283076923078,13.59762428932801,82.16923076923078,162.46314138195257,45.39796640141468,78.66709048972349,45.06153846153846,78.27547017277654,28.615384615384617,50.2237302171302,0.115152903502051,0.07429179715451288,0.7583333333333333,0.14540280364780445,15.0,1.1538461538461537,0.1724137931034483,2.5,1.51657508881031,1.6666666666666667,1.1180339887498947,13.0,3.0,0.0,2.0,0.01282051282051282,1.0,87.0,1.0,13.0,4.0,11.348865207926499,,0.6222222222222222,0.11579628296935912,0.5582402684929612,0.7694444444444445,0.14686948191776555,53.55384615384616,115.3741205483608,1.2636739582137906,8.854871385839632,15.494981377413607,1.1532954494278973,0.6156764710089433,0.9884310635365702,0.23217415659276128,0.19745404372549336,44.98679245283018,77.82043484526638,3.5483870967741935,1.4569079055181524,0.1637394704126273,0.10981754478898698,0.224609375,0.10346770706964566,300.0343914625871,774.7573186520331,0.07692307692307691,0.09031106987610103,0.44175973150703884,0.5875,0.08562937732245285,statlog-heart.arff,82,KNeighborsClassifier,margin_sampling,0.7754787585296059
0,0.05578667961244955,0.049905562991438286,1.4228314980809105,0.5235825467178126,0.14772727272727273,0.6930555555555555,0.13926646208716975,0.7491876374780361,,0.0,0.09102268108211524,0.06495278235006492,0.9906649266228327,0.19512883173482432,0.13370097216516735,14.876577947914157,53.695051931233365,297.2026576440803,791.642037792561,0.5791666666666667,0.10598717796509215,8.571888957776432,0.5,0.08035304331665309,44.34084690677545,77.55619386079222,36.81668103982383,43.61969834848732,76.35307727663307,6.769230769230769,11.580769230769231,18.996858714683356,2.2979250574703753,0.4997826487028301,0.7238685721844562,4.154494397473458,16.0,4.375,1.02469507659596,0.0625,0.09407370652288113,86.0,39.88605994301489,0.5,0.08838834764831845,1.279369127203681,0.763888888888889,0.1498742042244319,7.7323292307692295,14.058905951855133,82.16923076923078,162.46314138195257,45.404458041958044,78.66966923440864,45.215384615384615,78.68001489317184,28.615384615384617,50.2237302171302,0.11557136723336808,0.07332662525382239,0.775,0.16365593403915332,15.0,1.1538461538461537,0.17045454545454544,2.5,1.51657508881031,1.5,0.8498365855987975,13.0,3.0,0.0,2.0,0.01282051282051282,1.0,88.0,1.0,13.0,5.0,11.31128031225806,,0.6291666666666667,0.143152160836864,0.5612821161499212,0.725,0.1573801719357255,53.55384615384616,115.3741205483608,1.279369127203681,8.824069914661383,15.4148192259057,1.1502522556080097,0.6112543282868252,1.000494793768507,0.23225630265860148,0.19745207987693966,45.01495726495727,77.85405096263521,3.5483870967741935,1.4569079055181524,0.1637394704126273,0.10981754478898698,0.224609375,0.10346770706964566,297.2026576440801,766.0414591786861,0.07692307692307693,0.08693219267294261,0.4387178838500788,0.6375,0.16150043424285582,statlog-heart.arff,83,KNeighborsClassifier,expected_error_reduction,0.7734843437708194
0,0.0514855451970138,0.052088062174357116,1.4248028626211497,0.5181271583519516,0.14606741573033707,0.6847222222222222,0.13796762358521053,0.7501223989580887,,0.0,0.09198446770685603,0.06702811844082385,0.9889525767600615,0.193402027099535,0.1349768620990957,14.263706752049444,50.28970536011797,300.44858038029383,799.303703784047,0.6069444444444444,0.09260416594337743,8.390166828487155,0.5,0.08739522014665195,44.42242088845485,77.77119051316016,36.051894709898,43.69335976476212,76.54785838973179,6.846153846153846,11.676923076923078,19.387889426398544,2.295885008795461,0.4947176087466289,0.6803330195653636,3.9460903197866095,16.0,4.375,1.02469507659596,0.0625,0.09542572115197721,86.0,39.88605994301489,0.5,0.08838834764831845,1.286673974916217,0.7763888888888889,0.13740722022548896,7.618283076923077,13.59762428932801,82.16923076923078,162.46314138195257,45.49239412273119,78.90389580101812,45.36923076923077,79.08690773041371,28.615384615384617,50.2237302171302,0.1178704305857505,0.07541333979366166,0.7763888888888889,0.16465478081426344,15.0,1.1538461538461537,0.16853932584269662,2.5,1.51657508881031,1.3636363636363635,0.9244162777371754,13.0,3.0,0.0,2.0,0.01282051282051282,1.0,89.0,1.0,13.0,5.0,11.087873570501712,,0.6319444444444444,0.1459985836224211,0.562683613418638,0.7180555555555556,0.1228466791751496,53.55384615384616,115.3741205483608,1.286673974916217,8.85649591809073,15.508448734025508,1.1514327385543968,0.6077051534837555,0.9917102067301803,0.2323367418647139,0.1974499811080234,45.0972027972028,78.06232459035054,3.5483870967741935,1.4569079055181524,0.1637394704126273,0.10981754478898698,0.224609375,0.10346770706964566,300.44858038029383,777.036240222245,0.0769230769230769,0.0855868459365575,0.437316386581362,0.6180555555555556,0.1746113163485751,statlog-heart.arff,84,KNeighborsClassifier,expected_error_reduction,0.7895667550839964
0,0.052780520901472006,0.05245441519932035,1.4268027313364569,0.5144425133308376,0.14444444444444443,0.6666666666666667,0.15713484026367722,0.7515317181539974,,0.0,0.09428944822976065,0.06617212784310972,0.9910760598382222,0.19404382513401322,0.13315210064430913,14.10332372995294,49.76420064305811,297.21175348122495,790.5261512884452,0.6222222222222222,0.1405456737852613,8.343193515592413,0.5,0.07856742013183865,44.426190771892905,77.78597446278101,35.756418965690635,43.70392521964042,76.57467435522462,6.923076923076923,11.5,18.847800490596597,2.299090217232816,0.49332078793059764,0.674885530796135,3.9868873216883407,17.0,4.411764705882353,0.9393364366277243,0.058823529411764705,0.09636644838701729,91.33333333333334,40.24342596416629,0.5,0.04159451654038516,1.2977937131651403,0.7666666666666668,0.1522578132673664,7.56126,13.52921580616556,82.16923076923078,162.46314138195257,45.49136752136753,78.90313743019318,45.44615384615384,79.04036537728275,28.615384615384617,50.2237302171302,0.11878857394186312,0.07483861218835144,0.7666666666666668,0.18481444370184663,16.0,1.2307692307692308,0.17777777777777778,2.6666666666666665,1.8618986725025255,1.7777777777777777,0.8333333333333334,13.0,3.0,0.0,2.0,0.01282051282051282,1.0,90.0,1.0,13.0,4.0,11.011279233259883,,0.6333333333333334,0.14861038998325093,0.5647999233914994,0.7222222222222221,0.15044515564140665,53.55384615384616,115.3741205483608,1.2977937131651403,8.812211657440969,15.422485828096177,1.1538100660333557,0.5946264694110408,0.9868295966301812,0.23243365680703623,0.19742505370225294,45.104985754985755,78.0865387938314,3.5757575757575757,1.4148830126176297,0.19047512495357205,0.1468995705192183,0.21875,0.09309668193603894,297.2117534812254,768.4818862789352,0.07692307692307693,0.09270101687494657,0.4352000766085006,0.6222222222222222,0.1672828117131291,statlog-heart.arff,85,KNeighborsClassifier,margin_sampling,0.8015712682379348
0,0.05107758129105843,0.050188570453647066,1.4259552673242224,0.5167160132617354,0.14285714285714285,0.6488888888888888,0.16188193635138057,0.7493065190443442,,0.0,0.09333966652113744,0.06548263108325404,0.9894340222202264,0.1924813767938787,0.1327006049187793,13.712233806079958,48.08164887420001,298.62342406311626,796.1999652028001,0.6488888888888888,0.1701447781797553,8.367159719105974,0.5,0.08547444607749477,44.483036684117685,77.95375370407866,34.885098516044714,43.75811283123168,76.72998016036703,7.0,11.36923076923077,18.7024233998068,2.2971372117263447,0.4957956324969677,0.6464765412012637,3.8229103431493385,17.0,4.411764705882353,0.9393364366277243,0.058823529411764705,0.09555869000871688,91.33333333333334,40.24342596416629,0.5,0.04159451654038516,1.2802950510701951,0.7699999999999999,0.15904809428690522,7.504236923076923,13.47040058757434,82.16923076923078,162.46314138195257,45.55012679628064,79.08159399342765,45.36923076923077,79.08690773041371,28.615384615384617,50.2237302171302,0.11825207781810419,0.07375285383549023,0.7711111111111111,0.2079490282591132,16.0,1.2307692307692308,0.17582417582417584,2.6666666666666665,1.8618986725025255,2.0,0.7559289460184544,13.0,3.0,0.0,2.0,0.01282051282051282,1.0,91.0,1.0,13.0,4.0,11.058606441720478,,0.6366666666666665,0.1498101221624626,0.5614602594823521,0.5611111111111111,0.1784900853336517,53.55384615384616,115.3741205483608,1.2802950510701951,8.814412104471764,15.470628954849559,1.1539468095036518,0.5935495969167712,0.9767395209884199,0.23251028806584362,0.19742338351726788,45.15888111888113,78.25250340053628,3.5757575757575757,1.4148830126176297,0.19047512495357205,0.1468995705192183,0.21875,0.09309668193603894,298.6234240631164,775.7714727899117,0.07692307692307693,0.08412260854541734,0.4385397405176479,0.65,0.17381777822603428,statlog-heart.arff,86,KNeighborsClassifier,density_weighted_sampling,0.8015712682379348
0,0.05181062103541634,0.04845366143162108,1.4266170856773033,0.5162542188983225,0.14130434782608695,0.6544444444444445,0.1548883397974574,0.75299385823914,,0.0,0.09671265545364305,0.06775181735483306,0.9914606013843205,0.19426536535909464,0.13341514298387028,13.608259215700688,47.72297070152187,295.71149729868796,788.2894855118398,0.6333333333333334,0.14851805670935866,8.133772623925834,0.5,0.07685943273766824,44.49650233523057,77.98027311227922,34.800684540214135,43.77656401293485,76.7667922421206,7.076923076923077,11.196153846153846,18.23904307543826,2.296183377099246,0.4954069112530856,0.6445062557978571,3.8517611035956567,17.0,4.411764705882353,0.9393364366277243,0.058823529411764705,0.09577089528353235,91.33333333333334,40.24342596416629,0.5,0.04159451654038516,1.3094674916715634,0.7744444444444444,0.14363973375725322,7.56126,13.52921580616556,82.16923076923078,162.46314138195257,45.56070234113712,79.09387613770762,45.48461538461538,79.1424543271377,28.615384615384617,50.2237302171302,0.12189430996237802,0.07453779487735253,0.7766666666666667,0.19879265207375882,16.0,1.2307692307692308,0.17391304347826086,2.6666666666666665,1.8618986725025255,2.0,0.9258200997725514,13.0,3.0,0.0,2.0,0.01282051282051282,1.0,92.0,1.0,13.0,4.0,10.703721741544953,,0.6322222222222222,0.15664959192479805,0.566999750545866,0.6188888888888889,0.14152316624624445,53.55384615384616,115.3741205483608,1.3094674916715634,8.776369430937418,15.39190501485315,1.1543035125659373,0.5802265798013313,0.9787465403305553,0.2325601326913448,0.19745280402415333,45.182142857142864,78.28656257686912,3.5757575757575757,1.4148830126176297,0.19047512495357205,0.1468995705192183,0.21875,0.09309668193603894,295.71149729868796,767.9617352587545,0.07692307692307691,0.08664761472398486,0.43300024945413396,0.6100000000000001,0.11116665278471789,statlog-heart.arff,87,KNeighborsClassifier,training_utility_sampling,0.7875
0,0.045755069126131566,0.04456979637353033,1.4293367151758156,0.5161534061764007,0.13978494623655913,0.6455555555555557,0.13193193572935602,0.7557399975260055,,0.0,0.09727426044628834,0.06758090249296432,0.9932338197397066,0.1934568323391954,0.13530279281310512,13.061060764076194,44.82592654423268,297.3858665084332,791.4284234625621,0.5611111111111111,0.09329364235414814,8.077919407555573,0.5,0.06842968850192394,44.440562780671975,77.79583226695598,34.18882945097145,43.71474481620039,76.57154919014289,7.153846153846154,11.676923076923078,19.232531201333238,2.2996138960054213,0.49455174380593986,0.6072830819711156,3.7900994202176044,16.0,4.1875,0.75,0.0625,0.09571050229996005,74.4,23.779729930248486,0.5,0.08838834764831845,1.3317792856251056,0.7644444444444444,0.15764035051261263,7.73232923076923,13.534474256250506,82.16923076923078,162.46314138195257,45.51133167907361,78.92059435680109,45.44615384615384,79.04062895524697,28.615384615384617,50.2237302171302,0.12295663891010088,0.07459845975570542,0.7877777777777778,0.18041637560683238,15.0,1.1538461538461537,0.16129032258064516,3.0,1.5811388300841898,1.5,0.5270462766947299,13.0,3.0,0.0,2.0,0.02564102564102564,1.0,93.0,1.0,13.0,4.0,10.62472175431591,,0.6233333333333333,0.1843276441125633,0.5711429438606068,0.55,0.07148244098377327,53.55384615384616,115.3741205483608,1.3317792856251056,8.79837403736806,15.437152831429685,1.1485534712698922,0.5711249142389319,0.9702440998658841,0.23257202267752142,0.19752365943876182,45.12901484480431,78.1103958969043,3.3548387096774195,1.3050769350699647,0.2589562964077504,0.08341225163031048,0.23828125,0.08058623098892267,297.3858665084331,773.5337280481359,0.07692307692307693,0.08891817408058483,0.4288570561393932,0.6366666666666666,0.11852430541427739,statlog-heart.arff,88,KNeighborsClassifier,margin_sampling,0.7875
0,0.04844697678494097,0.046776290564475895,1.4327908361490136,0.5213869521700604,0.13829787234042554,0.658888888888889,0.14074561395071922,0.7586948270714573,,0.0,0.09680986859052626,0.06847934051362192,0.9947688847336322,0.19257263284659645,0.13446534582551126,12.659311957012713,42.547272504035014,297.88950143427854,790.2997692650174,0.5944444444444443,0.1406676223320959,8.182987027403295,0.5,0.060179300526514656,44.35695167589615,77.61340007264826,33.831387183612996,43.62976553193437,76.38648441103021,7.230769230769231,11.657692307692308,19.1813260550664,2.3059942239067444,0.49720059237509096,0.615286783631882,3.7756514069791485,16.0,4.1875,0.75,0.0625,0.09601026993505099,74.4,23.779729930248486,0.5,0.08838834764831845,1.3563667272740736,0.7455555555555555,0.14300805276279674,7.846375384615385,14.091391119150616,82.16923076923078,162.46314138195257,45.42929623567922,78.74333555026863,45.36923076923077,78.95007266848444,28.615384615384617,50.2237302171302,0.121565496975901,0.0770460697111922,0.79,0.18041637560683238,15.0,1.1538461538461537,0.1595744680851064,3.0,1.5811388300841898,1.875,0.6408699444616557,13.0,3.0,0.0,2.0,0.01282051282051282,1.0,94.0,1.0,13.0,4.0,10.786163605558643,,0.6300000000000001,0.2093854093700525,0.5756178406249886,0.7333333333333334,0.16948238797996373,53.55384615384616,115.3741205483608,1.3563667272740736,8.803274015139063,15.451791386525718,1.1470783321942013,0.5719297040018467,0.9733881424607079,0.23263639509852768,0.1975309493522691,45.03315649867374,77.89932362073306,3.3548387096774195,1.3050769350699647,0.2589562964077504,0.08341225163031048,0.23828125,0.08058623098892267,297.88950143427843,774.1179274086172,0.07692307692307694,0.09648397540939138,0.42438215937501145,0.62,0.10113213727926526,statlog-heart.arff,89,KNeighborsClassifier,margin_sampling,0.7875
0,0.050684388689735786,0.04907775132487588,1.429931815724657,0.5216045189531995,0.1368421052631579,0.6644444444444446,0.132176047544862,0.7604159920325717,,0.0,0.09597414276105164,0.06771112450040605,0.9935161367990846,0.1910515490014276,0.13421311996111693,12.17756596893215,39.97832146245203,298.835589284176,791.213645317231,0.5988888888888889,0.15462242165502274,8.230291953194556,0.5,0.06698906348083083,44.40640814100623,77.75865348672947,33.65019752242522,43.675476416454934,76.52099678063381,7.3076923076923075,11.753846153846155,19.47595164061803,2.3027333846263707,0.4972410717219155,0.6041209144044503,3.6791232143047505,16.0,4.1875,0.75,0.0625,0.0971215457275367,74.4,23.779729930248486,0.5,0.08838834764831845,1.3709744226536476,0.7477777777777778,0.1437352008246562,7.9604215384615395,14.65743187935836,82.16923076923078,162.46314138195257,45.480000000000004,78.89757387312719,45.36923076923077,79.08796141654962,28.615384615384617,50.2237302171302,0.12071456789737028,0.0772658818057727,0.7911111111111111,0.1811258798795465,15.0,1.1538461538461537,0.15789473684210525,3.0,1.5811388300841898,1.6666666666666667,0.8660254037844387,13.0,3.0,0.0,2.0,0.02564102564102564,1.0,95.0,1.0,13.0,4.0,10.845561315684478,,0.6344444444444444,0.15479975117216102,0.5782324809388801,0.6333333333333334,0.14344382763731173,53.55384615384616,115.3741205483608,1.3709744226536476,8.812715688650995,15.47910206584281,1.1488405317684562,0.5728397087554562,0.970479218171777,0.2326997249853406,0.1975377122704242,45.08933873144399,78.07689913375685,3.3548387096774195,1.3050769350699647,0.2589562964077504,0.08341225163031048,0.23828125,0.08058623098892267,298.8355892841761,776.904202161071,0.07692307692307693,0.10592347618918548,0.42176751906111987,0.61,0.11729109789788199,statlog-heart.arff,90,KNeighborsClassifier,margin_sampling,0.7875
0,0.04260007191837778,0.03697385082584784,1.4282944213450561,0.5233801565837204,0.13541666666666666,0.6666666666666667,0.12171612389003693,0.7615931164693864,,0.0,0.09591062012222223,0.06914889552620553,0.992158661720742,0.19063835482273214,0.1363919431941174,12.281502755285652,40.449098278878466,297.09316936572196,785.0550252172025,0.5877777777777778,0.15274803301915493,8.21959055409618,0.5,0.07365695637359872,44.40904760011971,77.7554086473671,34.14476103164879,43.68171656562664,76.52562926790797,7.384615384615385,11.734615384615385,19.45681526500188,2.2997465034386284,0.4988748964500343,0.6366025171043924,3.7174434354227484,17.0,4.352941176470588,0.9314757424772421,0.058823529411764705,0.09617390066285733,89.33333333333333,41.69572320194643,0.5,0.04159451654038516,1.3810888686714908,0.7844444444444443,0.14394024061026514,7.903398461538462,14.155839206879643,82.16923076923078,162.46314138195257,45.47820512820513,78.88647314322276,45.4076923076923,79.0641771130523,28.615384615384617,50.2237302171302,0.12070657962716963,0.07793344306161061,0.7833333333333334,0.1677945376307303,16.0,1.2307692307692308,0.16666666666666666,2.6666666666666665,1.632993161855452,1.7777777777777777,0.4409585518440984,13.0,3.0,0.0,2.0,0.02564102564102564,1.0,96.0,1.0,13.0,4.0,10.832780166223547,,0.6288888888888889,0.1464907287430906,0.5800240750535524,0.7288888888888889,0.1226367829048936,53.55384615384616,115.3741205483608,1.3810888686714908,8.794606405579218,15.429206282179779,1.1470919061335954,0.5795002047256267,0.981234528873068,0.2327454617118349,0.19756474443470484,45.07453580901858,78.04796357744341,3.515151515151515,1.4168894655461863,0.1957530681532782,0.13576761226989462,0.2261029411764706,0.09011806747017395,297.0931693657219,770.2944486868944,0.07692307692307693,0.09483870904515898,0.41997592494644764,0.5744444444444445,0.13568401118640463,statlog-heart.arff,91,KNeighborsClassifier,margin_sampling,0.7875
0,0.05010253147599365,0.048614065164972575,1.4342424699836904,0.5175776960878684,0.13402061855670103,0.6811111111111112,0.10785983893909298,0.7627402007948156,,0.0,0.09432757542629984,0.06856053424911407,0.9907034651869471,0.18842601650699436,0.13600592960235686,12.147264902194028,40.03151732189168,294.12788362410777,776.960549553059,0.5877777777777777,0.17540468591482358,8.22333773298611,0.5,0.08018736693868067,44.410103641261294,77.76268586163856,33.91790815576387,43.689112279704204,76.54528031822726,7.461538461538462,11.676923076923078,19.383590734009783,2.3044713180072245,0.49292195673676076,0.6519395908850825,3.768328782203826,17.0,4.411764705882353,1.0036697371030325,0.058823529411764705,0.09886731680254575,92.8,42.529989419232166,0.5,0.04159451654038516,1.3910438035764041,0.7866666666666667,0.13606260158496378,7.73232923076923,13.534474256250506,82.16923076923078,162.46314138195257,45.47184773988898,78.88051717342051,45.44615384615384,79.04062895524697,28.615384615384617,50.2237302171302,0.12047461716341262,0.07724694412830985,0.7766666666666667,0.16088319340577176,16.0,1.2307692307692308,0.16494845360824742,2.6666666666666665,1.505545305418162,1.7777777777777777,0.6666666666666666,13.0,3.0,0.0,2.0,0.02564102564102564,1.0,97.0,1.0,13.0,5.0,10.904934863069736,,0.6644444444444444,0.16503730301195405,0.5817726139085156,0.6088888888888888,0.10004114379931334,53.55384615384616,115.3741205483608,1.3910438035764041,8.755789767775823,15.348812058174786,1.143198145312905,0.5819294431618326,0.9814090891600428,0.232812622157608,0.1975634886461912,45.07092568448499,78.05229645209076,3.5757575757575757,1.4583874448835397,0.19558296426977229,0.13222804662122106,0.22242647058823528,0.09997701941828785,294.1278836241078,762.3540930020073,0.07692307692307693,0.10328628850497856,0.41822738609148435,0.6088888888888888,0.15277946127018588,statlog-heart.arff,92,KNeighborsClassifier,expected_error_reduction,0.7875
0,0.04177622765493424,0.0391578156863562,1.427330055119646,0.5233001019631649,0.1326530612244898,0.6744444444444444,0.11087010900129417,0.7570803465900904,,0.0,0.09289514881079314,0.06678993444374681,0.9891571023188155,0.18689575684718607,0.13463209983603466,11.909478494014577,38.92126794796847,294.71567787146586,779.8545559255874,0.5111111111111111,0.13537531024071897,8.455062699147506,0.5,0.0865845038187609,44.350920647355906,77.59589088062336,33.97919155391388,43.62848359202486,76.3737984146726,7.538461538461538,11.523076923076925,19.108425447349735,2.2994972382012513,0.4981236350913653,0.656764330748695,3.7233142335586034,17.0,4.411764705882353,0.9393364366277243,0.058823529411764705,0.09690717877679948,91.33333333333334,40.24342596416629,0.5,0.04159451654038516,1.342856700915626,0.7777777777777779,0.12947080216998916,7.903398461538462,14.268614164523154,82.16923076923078,162.46314138195257,45.41240188383045,78.72077610359484,45.215384615384615,78.63975718589427,28.615384615384617,50.2237302171302,0.11698991923721024,0.07760976821770631,0.788888888888889,0.15869840952317443,16.0,1.2307692307692308,0.16326530612244897,2.6666666666666665,1.8618986725025255,1.7777777777777777,0.8333333333333334,13.0,3.0,0.0,2.0,0.02564102564102564,1.0,98.0,1.0,13.0,5.0,11.200453376034677,,0.6655555555555555,0.14538629306522774,0.5731706511929714,0.5922222222222222,0.07875053073176698,53.55384615384616,115.3741205483608,1.342856700915626,8.755022392506666,15.370015154287271,1.1428822548879092,0.5841174154203866,0.9851507244541747,0.23276940699621113,0.19768602150086118,45.0074358974359,77.88201324646106,3.5757575757575757,1.4148830126176297,0.19047512495357205,0.1468995705192183,0.21875,0.09309668193603894,294.7156778714658,766.0864806387987,0.0769230769230769,0.09569605633159876,0.4268293488070286,0.6133333333333333,0.17378226131692068,statlog-heart.arff,93,KNeighborsClassifier,margin_sampling,0.7875
0,0.04741109136359361,0.048915206016857275,1.4335421394978765,0.5183048044932064,0.13131313131313133,0.6777777777777778,0.11111111111111112,0.7606631137539108,,0.0,0.09503576539739907,0.06914619364463617,0.9910760598382222,0.18763781658947434,0.13560470636258595,11.441593063021635,36.28842937767518,295.9306054263198,779.9357181608191,0.5855555555555556,0.17316943818407352,8.251365531542316,0.5,0.07856742013183865,44.27076230310375,77.41399333591866,33.90518835695594,43.54376213669012,76.1835723174189,7.615384615384615,11.600000000000001,19.154981945523552,2.304507648415811,0.49557799368919714,0.6481518619614579,3.70310288439816,17.0,4.411764705882353,0.9393364366277243,0.058823529411764705,0.09709819546082925,91.33333333333334,40.24342596416629,0.5,0.04159451654038516,1.373089390103089,0.778888888888889,0.13057328484820083,7.9604215384615395,14.018658505649915,82.16923076923078,162.46314138195257,45.339160839160826,78.54688050363511,45.06153846153846,78.19238601532268,28.615384615384617,50.2237302171302,0.12011055092028797,0.07802513289512325,0.79,0.15951314818673867,16.0,1.2307692307692308,0.16161616161616163,2.6666666666666665,1.8618986725025255,1.6,0.9660917830792958,13.0,3.0,0.0,2.0,0.02564102564102564,1.0,99.0,1.0,13.0,5.0,10.935189111315081,,0.6566666666666666,0.14233502471022114,0.5786083726257951,0.5855555555555555,0.07445273585667089,53.55384615384616,115.3741205483608,1.373089390103089,8.770702277337495,15.403111241055992,1.1416749360932517,0.5732478248892895,0.9867676879538024,0.23263316994301433,0.19791610677687863,44.9392181588903,77.70093429662052,3.5757575757575757,1.4148830126176297,0.19047512495357205,0.1468995705192183,0.21875,0.09309668193603894,295.9306054263197,767.9181710443355,0.07692307692307691,0.09013620694280293,0.4213916273742049,0.6255555555555554,0.19015912764619136,statlog-heart.arff,94,KNeighborsClassifier,density_weighted_sampling,0.7734843437708194
0,0.04984031680005099,0.04869559660387873,1.4332352521496716,0.5195146182164121,0.13,0.6900000000000001,0.11972189997378649,0.7626603559501284,,0.0,0.0961332210168995,0.07037250302857896,0.9927744539878083,0.18761042674936998,0.13551250633622083,11.365520720020722,36.02125448081117,293.1651094794094,772.578770745766,0.6,0.17638342073763938,8.159297421535149,0.5,0.07071067811865477,44.2930716503959,77.44759373132173,33.7197800015166,43.57054990097814,76.22709673470615,7.6923076923076925,11.523076923076925,18.98592258517495,2.3043356939403585,0.4964605727852691,0.6745165766705633,3.733933014010155,17.0,4.411764705882353,0.9393364366277243,0.058823529411764705,0.09733205747216436,91.33333333333334,40.24342596416629,0.5,0.04159451654038516,1.390347691144645,0.78,0.13165611772087668,8.074467692307692,14.41602857615679,82.16923076923078,162.46314138195257,45.356846153846156,78.5677739978317,45.25384615384615,78.4790589412723,28.615384615384617,50.2237302171302,0.12167401219712135,0.07867487654036881,0.79,0.15951314818673867,16.0,1.2307692307692308,0.16,2.6666666666666665,1.8618986725025255,1.6,1.0749676997731399,13.0,3.0,0.0,2.0,0.02564102564102564,1.0,100.0,1.0,13.0,5.0,10.779304604731202,,0.67,0.15670212364724212,0.5816508185379765,0.78,0.10327955589886448,53.55384615384616,115.3741205483608,1.390347691144645,8.73362123365241,15.328504507247725,1.1400347138154057,0.5680490847136703,0.9954366146747573,0.23269091998561883,0.19792137159401407,44.977179487179484,77.75468761439015,3.5757575757575757,1.4148830126176297,0.19047512495357205,0.1468995705192183,0.21875,0.09309668193603894,293.16510947940947,760.6227949997219,0.07692307692307691,0.09026614514004667,0.41834918146202354,0.6699999999999999,0.15670212364724212,statlog-heart.arff,95,KNeighborsClassifier,density_weighted_sampling,0.7875
0,0.04507355355529362,0.04247149297920974,1.4244512411518524,0.5224914933930996,0.12871287128712872,0.6936363636363636,0.12633492879343192,0.7587171948576588,,0.0,0.09564032710621834,0.0669281818868359,0.9914266810680206,0.18641517443915293,0.13525944778124688,11.232803122619954,35.63323556280566,290.5693788271134,765.6179442785082,0.5836363636363636,0.14088790977983312,8.012686351665128,0.5,0.07701162963417847,44.30305001791331,77.47828033256299,33.31881841527224,43.58547044734501,76.26637364132262,7.769230769230769,11.446153846153846,18.81721797470849,2.2921458007370457,0.49144215919998696,0.7034258670969175,3.758253547653045,17.0,4.411764705882353,0.9393364366277243,0.058823529411764705,0.09829385806858748,91.33333333333334,40.24342596416629,0.5,0.04159451654038516,1.3565551993535059,0.7727272727272727,0.09300611668619885,7.73232923076923,13.735983775948037,82.16923076923078,162.46314138195257,45.360472201066266,78.58808476915034,45.44615384615384,78.76708931383943,28.615384615384617,50.2237302171302,0.12373212148282714,0.08042307700328712,0.8036363636363637,0.14400795815169135,16.0,1.2307692307692308,0.15841584158415842,2.6666666666666665,1.8618986725025255,1.7777777777777777,1.3017082793177757,13.0,3.0,0.0,2.0,0.02564102564102564,1.0,101.0,1.0,13.0,5.0,10.512380326797782,,0.6336363636363636,0.1414246027876534,0.5756517817726745,0.7236363636363636,0.09914232749904744,53.55384615384616,115.3741205483608,1.3565551993535059,8.696943386583476,15.259213635401238,1.1383720916377915,0.567929377717924,1.003231044479146,0.23276765089362028,0.19790157945685463,44.98940731399749,77.80073528174684,3.5757575757575757,1.4148830126176297,0.19047512495357205,0.1468995705192183,0.21875,0.09309668193603894,290.5693788271135,753.8141112984712,0.07692307692307694,0.08906025951258675,0.42434821822732544,0.6045454545454545,0.14635140170961516,statlog-heart.arff,96,KNeighborsClassifier,density_weighted_sampling,0.7734843437708194
0,0.05184552560551941,0.05213126468376266,1.4248165739664769,0.5242929972437218,0.12745098039215685,0.7081818181818182,0.1321886122217112,0.7583979125592518,,0.0,0.09585091066456725,0.06877785492304898,0.9930554830121975,0.18534845814620984,0.1352485317490227,11.114807804309843,35.26922550292587,287.82159767334184,758.3977207913803,0.5509090909090909,0.24827041745575476,8.016478176493251,0.5,0.06932419423397528,44.30234047624542,77.46249205527491,32.83051875498517,43.590881878873205,76.2629001507865,7.846153846153846,11.311538461538463,18.66858048797223,2.293995279527432,0.4942564526148191,0.7377703782086095,3.800590993043437,17.0,4.411764705882353,0.9393364366277243,0.058823529411764705,0.09852819236393029,91.33333333333334,40.24342596416629,0.5,0.04159451654038516,1.353868289169331,0.7863636363636364,0.09440257268754677,7.789352307692307,14.01333036910103,82.16923076923078,162.46314138195257,45.353469079939664,78.55924901394432,45.29230769230769,78.40175871261287,28.615384615384617,50.2237302171302,0.12387677745124259,0.08387128481396341,0.8072727272727274,0.1303946119321525,16.0,1.2307692307692308,0.1568627450980392,2.6666666666666665,1.8618986725025255,1.6,0.6992058987801011,13.0,3.0,0.0,2.0,0.02564102564102564,1.0,102.0,1.0,13.0,5.0,10.501886013520808,,0.649090909090909,0.13265668525653238,0.5751673937742305,0.6772727272727271,0.13861773347251735,53.55384615384616,115.3741205483608,1.353868289169331,8.657360617237106,15.185882047189697,1.135148559080753,0.5666685453202563,1.0136999727716736,0.23269103282030185,0.1980600481107838,44.98387096774194,77.76625991431885,3.5757575757575757,1.4148830126176297,0.19047512495357205,0.1468995705192183,0.21875,0.09309668193603894,287.82159767334196,746.7244999003884,0.07692307692307693,0.0928177510321961,0.4248326062257694,0.6872727272727273,0.1425982174046327,statlog-heart.arff,97,KNeighborsClassifier,density_weighted_sampling,0.7734843437708194
0,0.050801633600279575,0.05079937048471277,1.4248740522607286,0.5229017777030363,0.1262135922330097,0.71,0.13370815085529505,0.7597798544030203,,0.0,0.09459970178127751,0.06821259693362787,0.9917570244063945,0.18354222309797216,0.1347994913463696,10.999013018202053,34.91432008532246,285.0918433422661,750.956234979299,0.5827272727272728,0.14661469151689757,8.059911011485818,0.5,0.07551625818497107,44.31034882600274,77.48610570475775,32.57354847094179,43.60449934756401,76.29708155841739,7.923076923076923,11.176923076923078,18.528093706861924,2.293582940900725,0.49143793832262417,0.7512202917741959,3.846081877956444,17.0,4.411764705882353,0.9393364366277243,0.058823529411764705,0.09945360364943386,91.33333333333334,40.24342596416629,0.5,0.04159451654038516,1.3655505469400582,0.7972727272727274,0.11249324028258127,7.618283076923078,13.59762428932801,82.16923076923078,162.46314138195257,45.35451829723675,78.57108491694804,45.36923076923077,78.65052854892738,28.615384615384617,50.2237302171302,0.12304813576639816,0.08344880695368845,0.7981818181818182,0.14588320674149832,16.0,1.2307692307692308,0.1553398058252427,2.6666666666666665,1.8618986725025255,1.7777777777777777,0.8333333333333334,13.0,3.0,0.0,2.0,0.01282051282051282,1.0,103.0,1.0,13.0,5.0,10.57981015629358,,0.6818181818181819,0.12984415324623366,0.5772654271566747,0.7163636363636364,0.09947520698348768,53.55384615384616,115.3741205483608,1.3655505469400582,8.621022156721303,15.110723742049943,1.1337021387481474,0.5684635950282496,1.0131511592652984,0.2327647841627836,0.19804101119727832,44.991452991452995,77.7978835948388,3.5757575757575757,1.4148830126176297,0.19047512495357205,0.1468995705192183,0.21875,0.09309668193603894,285.091843342266,739.4042133355208,0.07692307692307691,0.09297361147907444,0.4227345728433253,0.6027272727272728,0.15284567320125642,statlog-heart.arff,98,KNeighborsClassifier,density_weighted_sampling,0.7734843437708194
0,0.052170378088620024,0.0497007662215923,1.4260286456001536,0.5227747237732796,0.125,0.6818181818181818,0.130197279145096,0.7475613040026735,,0.0,0.0928375615734598,0.06567823842724423,0.9933204216387918,0.18228839636108374,0.13445013259215347,10.908287135443594,34.59941421050044,282.6627850146493,743.7159715729235,0.6136363636363635,0.1795438562772489,8.15325789028723,0.5,0.06799103665255268,44.340037868605,77.52426115294102,32.305850660611696,43.638184935318954,76.34431919958065,8.0,11.042307692307693,18.39594436909313,2.297517961807813,0.4889998066485987,0.7584630306612037,3.8888937829362376,17.0,4.411764705882353,0.9393364366277243,0.058823529411764705,0.09834535951029155,91.33333333333334,40.24342596416629,0.5,0.04159451654038516,1.2667919009097812,0.78,0.11797184143642427,7.618283076923078,13.492819210555037,82.16923076923078,162.46314138195257,45.378032544378705,78.59895857330207,45.33076923076923,78.59255037444053,28.615384615384617,50.2237302171302,0.12183110543113193,0.08078834329360012,0.8100000000000002,0.17026150685417257,16.0,1.2307692307692308,0.15384615384615385,2.6666666666666665,1.8618986725025255,1.3333333333333333,0.49236596391733095,13.0,3.0,0.0,2.0,0.01282051282051282,1.0,104.0,1.0,13.0,5.0,10.704963527612838,,0.6927272727272727,0.14225005466874127,0.5588479032421776,0.5636363636363637,0.15386063363377095,53.55384615384616,115.3741205483608,1.2667919009097812,8.591731087394978,15.041565314086107,1.1288020997431667,0.5675737716610872,1.0116041744404431,0.23281721867259192,0.19804696906500807,45.02331730769231,77.84095439220347,3.5757575757575757,1.4148830126176297,0.19047512495357205,0.1468995705192183,0.21875,0.09309668193603894,282.66278501464916,732.2591985001402,0.07692307692307691,0.08203411232346844,0.4411520967578224,0.5972727272727272,0.13048261057349864,statlog-heart.arff,99,KNeighborsClassifier,density_weighted_sampling,0.7734843437708194
